1 0
1 512
1 1024
1 1536
1 2048
1 2560
1 3072
1 3584
1 4096
1 4608
1 5120
1 5632
1 6144
1 6656
1 7168
1 7680
1 8192
1 8704
1 9216
1 9728
1 10240
1 10752
1 11264
1 11776
1 12288
1 12800
1 13312
1 13824
1 14336
1 14848
1 15360
1 15872
1 16384
1 16896
1 17408
1 17920
1 18432
1 18944
1 19456
1 19968
1 20480
1 20992
1 21504
1 22016
1 22528
1 23040
1 23552
1 24064
1 24576
1 25088
1 25600
1 26112
1 26624
1 27136
1 27648
1 28160
1 28672
1 29184
1 29696
1 30208
1 30720
1 31232
1 31744
1 32256
1 32768
1 33280
1 33792
1 34304
1 34816
1 35328
1 35840
1 36352
1 36864
1 37376
1 37888
1 38400
1 38912
1 39424
1 39936
1 40448
1 40960
1 41472
1 41984
1 42496
1 43008
1 43520
1 44032
1 44544
1 45056
1 45568
1 46080
1 46592
1 47104
1 47616
1 48128
1 48640
1 49152
1 49664
1 50176
1 50688
1 51200
1 51712
1 52224
1 52736
1 53248
1 53760
1 54272
1 54784
1 55296
1 55808
1 56320
1 56832
1 57344
1 57856
1 58368
1 58880
1 59392
1 59904
1 60416
1 60928
1 61440
1 61952
1 62464
1 62976
1 63488
1 64000
1 64512
1 65024
1 65536
1 66048
1 66560
1 67072
1 67584
1 68096
1 68608
1 69120
1 69632
1 70144
1 70656
1 71168
1 71680
1 72192
1 72704
1 73216
1 73728
1 74240
1 74752
1 75264
1 75776
1 76288
1 76800
1 77312
1 77824
1 78336
1 78848
1 79360
1 79872
1 80384
1 80896
1 81408
1 81920
1 82432
1 82944
1 83456
1 83968
1 84480
1 84992
1 85504
1 86016
1 86528
1 87040
1 87552
1 88064
1 88576
1 89088
1 89600
1 90112
1 90624
1 91136
1 91648
1 92160
1 92672
1 93184
1 93696
1 94208
1 94720
1 95232
1 95744
1 96256
1 96768
1 97280
1 97792
1 98304
1 98816
1 99328
1 99840
1 100352
1 100864
1 101376
1 101888
1 102400
1 102912
1 103424
1 103936
1 104448
1 104960
1 105472
1 105984
1 106496
1 107008
1 107520
1 108032
1 108544
1 109056
1 109568
1 110080
1 110592
1 111104
1 111616
1 112128
1 112640
1 113152
1 113664
1 114176
1 114688
1 115200
1 115712
1 116224
1 116736
1 117248
1 117760
1 118272
1 118784
1 119296
1 119808
1 120320
1 120832
1 121344
1 121856
1 122368
1 122880
1 123392
1 123904
1 124416
1 124928
1 125440
1 125952
1 126464
1 126976
1 127488
1 128000
1 128512
1 129024
1 129536
1 130048
1 130560
1 131072
1 131584
1 132096
1 132608
1 133120
1 133632
1 134144
1 134656
1 135168
1 135680
1 136192
1 136704
1 137216
1 137728
1 138240
1 138752
1 139264
1 139776
1 140288
1 140800
1 141312
1 141824
1 142336
1 142848
1 143360
1 143872
1 144384
1 144896
1 145408
1 145920
1 146432
1 146944
1 147456
1 147968
1 148480
1 148992
1 149504
1 150016
1 150528
1 151040
1 151552
1 152064
1 152576
1 153088
1 153600
1 154112
1 154624
1 155136
1 155648
1 156160
1 156672
1 157184
1 157696
1 158208
1 158720
1 159232
1 159744
1 160256
1 160768
1 161280
1 161792
1 162304
1 162816
1 163328
1 163840
1 164352
1 164864
1 165376
1 165888
1 166400
1 166912
1 167424
1 167936
1 168448
1 168960
1 169472
1 169984
1 170496
1 171008
1 171520
1 172032
1 172544
1 173056
1 173568
1 174080
1 174592
1 175104
1 175616
1 176128
1 176640
1 177152
1 177664
1 178176
1 178688
1 179200
1 179712
1 180224
1 180736
1 181248
1 181760
1 182272
1 182784
1 183296
1 183808
1 184320
1 184832
1 185344
1 185856
1 186368
1 186880
1 187392
1 187904
1 188416
1 188928
1 189440
1 189952
1 190464
1 190976
1 191488
1 192000
1 192512
1 193024
1 193536
1 194048
1 194560
1 195072
1 195584
1 196096
1 196608
1 197120
1 197632
1 198144
1 198656
1 199168
1 199680
1 200192
1 200704
1 201216
1 201728
1 202240
1 202752
1 203264
1 203776
1 204288
1 204800
1 205312
1 205824
1 206336
1 206848
1 207360
1 207872
1 208384
1 208896
1 209408
1 209920
1 210432
1 210944
1 211456
1 211968
1 212480
1 212992
1 213504
1 214016
1 214528
1 215040
1 215552
1 216064
1 216576
1 217088
1 217600
1 218112
1 218624
1 219136
1 219648
1 220160
1 220672
1 221184
1 221696
1 222208
1 222720
1 223232
1 223744
1 224256
1 224768
1 225280
1 225792
1 226304
1 226816
1 227328
1 227840
1 228352
1 228864
1 229376
1 229888
1 230400
1 230912
1 231424
1 231936
1 232448
1 232960
1 233472
1 233984
1 234496
1 235008
1 235520
1 236032
1 236544
1 237056
1 237568
1 238080
1 238592
1 239104
1 239616
1 240128
1 240640
1 241152
1 241664
1 242176
1 242688
1 243200
1 243712
1 244224
1 244736
1 245248
1 245760
1 246272
1 246784
1 247296
1 247808
1 248320
1 248832
1 249344
1 249856
1 250368
1 250880
1 251392
1 251904
1 252416
1 252928
1 253440
1 253952
1 254464
1 254976
1 255488
1 256000
1 256512
1 257024
1 257536
1 258048
1 258560
1 259072
1 259584
1 260096
1 260608
1 261120
1 261632
2 77777
0 4294443008
1 4293918720
1 4293926912
1 4293935104
1 4293943296
1 4294180864
0 0
0 8192
0 16384
0 24576
0 32768
0 40960
0 49152
0 57344
0 131072
0 139264
0 147456
0 155648
0 163840
0 172032
0 180224
0 188416
1 262144
1 270336
1 278528
1 286720
1 294912
1 303104
1 311296
1 319488
1 4294180864
0 65536
0 73728
0 81920
0 90112
0 98304
0 106496
0 114688
0 122880
0 196608
0 204800
0 212992
0 221184
0 229376
0 237568
0 245760
0 253952
1 327680
1 335872
1 344064
1 352256
1 360448
1 368640
1 376832
1 385024
1 4294180864
0 512
0 8704
0 16896
0 25088
0 33280
0 41472
0 49664
0 57856
0 131584
0 139776
0 147968
0 156160
0 164352
0 172544
0 180736
0 188928
1 262656
1 270848
1 279040
1 287232
1 295424
1 303616
1 311808
1 320000
1 4294180864
0 66048
0 74240
0 82432
0 90624
0 98816
0 107008
0 115200
0 123392
0 197120
0 205312
0 213504
0 221696
0 229888
0 238080
0 246272
0 254464
1 328192
1 336384
1 344576
1 352768
1 360960
1 369152
1 377344
1 385536
0 4294705152
3 77777
0 262144
0 262656
0 263168
0 263680
0 264192
0 264704
0 265216
0 265728
0 266240
0 266752
0 267264
0 267776
0 268288
0 268800
0 269312
0 269824
0 270336
0 270848
0 271360
0 271872
0 272384
0 272896
0 273408
0 273920
0 274432
0 274944
0 275456
0 275968
0 276480
0 276992
0 277504
0 278016
0 278528
0 279040
0 279552
0 280064
0 280576
0 281088
0 281600
0 282112
0 282624
0 283136
0 283648
0 284160
0 284672
0 285184
0 285696
0 286208
0 286720
0 287232
0 287744
0 288256
0 288768
0 289280
0 289792
0 290304
0 290816
0 291328
0 291840
0 292352
0 292864
0 293376
0 293888
0 294400
0 294912
0 295424
0 295936
0 296448
0 296960
0 297472
0 297984
0 298496
0 299008
0 299520
0 300032
0 300544
0 301056
0 301568
0 302080
0 302592
0 303104
0 303616
0 304128
0 304640
0 305152
0 305664
0 306176
0 306688
0 307200
0 307712
0 308224
0 308736
0 309248
0 309760
0 310272
0 310784
0 311296
0 311808
0 312320
0 312832
0 313344
0 313856
0 314368
0 314880
0 315392
0 315904
0 316416
0 316928
0 317440
0 317952
0 318464
0 318976
0 319488
0 320000
0 320512
0 321024
0 321536
0 322048
0 322560
0 323072
0 323584
0 324096
0 324608
0 325120
0 325632
0 326144
0 326656
0 327168
0 327680
0 328192
0 328704
0 329216
0 329728
0 330240
0 330752
0 331264
0 331776
0 332288
0 332800
0 333312
0 333824
0 334336
0 334848
0 335360
0 335872
0 336384
0 336896
0 337408
0 337920
0 338432
0 338944
0 339456
0 339968
0 340480
0 340992
0 341504
0 342016
0 342528
0 343040
0 343552
0 344064
0 344576
0 345088
0 345600
0 346112
0 346624
0 347136
0 347648
0 348160
0 348672
0 349184
0 349696
0 350208
0 350720
0 351232
0 351744
0 352256
0 352768
0 353280
0 353792
0 354304
0 354816
0 355328
0 355840
0 356352
0 356864
0 357376
0 357888
0 358400
0 358912
0 359424
0 359936
0 360448
0 360960
0 361472
0 361984
0 362496
0 363008
0 363520
0 364032
0 364544
0 365056
0 365568
0 366080
0 366592
0 367104
0 367616
0 368128
0 368640
0 369152
0 369664
0 370176
0 370688
0 371200
0 371712
0 372224
0 372736
0 373248
0 373760
0 374272
0 374784
0 375296
0 375808
0 376320
0 376832
0 377344
0 377856
0 378368
0 378880
0 379392
0 379904
0 380416
0 380928
0 381440
0 381952
0 382464
0 382976
0 383488
0 384000
0 384512
0 385024
0 385536
0 386048
0 386560
0 387072
0 387584
0 388096
0 388608
0 389120
0 389632
0 390144
0 390656
0 391168
0 391680
0 392192
0 392704
