1 0
1 512
1 1024
1 1536
1 2048
1 2560
1 3072
1 3584
1 4096
1 4608
1 5120
1 5632
1 6144
1 6656
1 7168
1 7680
1 8192
1 8704
1 9216
1 9728
1 10240
1 10752
1 11264
1 11776
1 12288
1 12800
1 13312
1 13824
1 14336
1 14848
1 15360
1 15872
1 16384
1 16896
1 17408
1 17920
1 18432
1 18944
1 19456
1 19968
1 20480
1 20992
1 21504
1 22016
1 22528
1 23040
1 23552
1 24064
1 24576
1 25088
1 25600
1 26112
1 26624
1 27136
1 27648
1 28160
1 28672
1 29184
1 29696
1 30208
1 30720
1 31232
1 31744
1 32256
1 32768
1 33280
1 33792
1 34304
1 34816
1 35328
1 35840
1 36352
1 36864
1 37376
1 37888
1 38400
1 38912
1 39424
1 39936
1 40448
1 40960
1 41472
1 41984
1 42496
1 43008
1 43520
1 44032
1 44544
1 45056
1 45568
1 46080
1 46592
1 47104
1 47616
1 48128
1 48640
1 49152
1 49664
1 50176
1 50688
1 51200
1 51712
1 52224
1 52736
1 53248
1 53760
1 54272
1 54784
1 55296
1 55808
1 56320
1 56832
1 57344
1 57856
1 58368
1 58880
1 59392
1 59904
1 60416
1 60928
1 61440
1 61952
1 62464
1 62976
1 63488
1 64000
1 64512
1 65024
1 65536
1 66048
1 66560
1 67072
1 67584
1 68096
1 68608
1 69120
1 69632
1 70144
1 70656
1 71168
1 71680
1 72192
1 72704
1 73216
1 73728
1 74240
1 74752
1 75264
1 75776
1 76288
1 76800
1 77312
1 77824
1 78336
1 78848
1 79360
1 79872
1 80384
1 80896
1 81408
1 81920
1 82432
1 82944
1 83456
1 83968
1 84480
1 84992
1 85504
1 86016
1 86528
1 87040
1 87552
1 88064
1 88576
1 89088
1 89600
1 90112
1 90624
1 91136
1 91648
1 92160
1 92672
1 93184
1 93696
1 94208
1 94720
1 95232
1 95744
1 96256
1 96768
1 97280
1 97792
1 98304
1 98816
1 99328
1 99840
1 100352
1 100864
1 101376
1 101888
1 102400
1 102912
1 103424
1 103936
1 104448
1 104960
1 105472
1 105984
1 106496
1 107008
1 107520
1 108032
1 108544
1 109056
1 109568
1 110080
1 110592
1 111104
1 111616
1 112128
1 112640
1 113152
1 113664
1 114176
1 114688
1 115200
1 115712
1 116224
1 116736
1 117248
1 117760
1 118272
1 118784
1 119296
1 119808
1 120320
1 120832
1 121344
1 121856
1 122368
1 122880
1 123392
1 123904
1 124416
1 124928
1 125440
1 125952
1 126464
1 126976
1 127488
1 128000
1 128512
1 129024
1 129536
1 130048
1 130560
1 131072
1 131584
1 132096
1 132608
1 133120
1 133632
1 134144
1 134656
1 135168
1 135680
1 136192
1 136704
1 137216
1 137728
1 138240
1 138752
1 139264
1 139776
1 140288
1 140800
1 141312
1 141824
1 142336
1 142848
1 143360
1 143872
1 144384
1 144896
1 145408
1 145920
1 146432
1 146944
1 147456
1 147968
1 148480
1 148992
1 149504
1 150016
1 150528
1 151040
1 151552
1 152064
1 152576
1 153088
1 153600
1 154112
1 154624
1 155136
1 155648
1 156160
1 156672
1 157184
1 157696
1 158208
1 158720
1 159232
1 159744
1 160256
1 160768
1 161280
1 161792
1 162304
1 162816
1 163328
1 163840
1 164352
1 164864
1 165376
1 165888
1 166400
1 166912
1 167424
1 167936
1 168448
1 168960
1 169472
1 169984
1 170496
1 171008
1 171520
1 172032
1 172544
1 173056
1 173568
1 174080
1 174592
1 175104
1 175616
1 176128
1 176640
1 177152
1 177664
1 178176
1 178688
1 179200
1 179712
1 180224
1 180736
1 181248
1 181760
1 182272
1 182784
1 183296
1 183808
1 184320
1 184832
1 185344
1 185856
1 186368
1 186880
1 187392
1 187904
1 188416
1 188928
1 189440
1 189952
1 190464
1 190976
1 191488
1 192000
1 192512
1 193024
1 193536
1 194048
1 194560
1 195072
1 195584
1 196096
1 196608
1 197120
1 197632
1 198144
1 198656
1 199168
1 199680
1 200192
1 200704
1 201216
1 201728
1 202240
1 202752
1 203264
1 203776
1 204288
1 204800
1 205312
1 205824
1 206336
1 206848
1 207360
1 207872
1 208384
1 208896
1 209408
1 209920
1 210432
1 210944
1 211456
1 211968
1 212480
1 212992
1 213504
1 214016
1 214528
1 215040
1 215552
1 216064
1 216576
1 217088
1 217600
1 218112
1 218624
1 219136
1 219648
1 220160
1 220672
1 221184
1 221696
1 222208
1 222720
1 223232
1 223744
1 224256
1 224768
1 225280
1 225792
1 226304
1 226816
1 227328
1 227840
1 228352
1 228864
1 229376
1 229888
1 230400
1 230912
1 231424
1 231936
1 232448
1 232960
1 233472
1 233984
1 234496
1 235008
1 235520
1 236032
1 236544
1 237056
1 237568
1 238080
1 238592
1 239104
1 239616
1 240128
1 240640
1 241152
1 241664
1 242176
1 242688
1 243200
1 243712
1 244224
1 244736
1 245248
1 245760
1 246272
1 246784
1 247296
1 247808
1 248320
1 248832
1 249344
1 249856
1 250368
1 250880
1 251392
1 251904
1 252416
1 252928
1 253440
1 253952
1 254464
1 254976
1 255488
1 256000
1 256512
1 257024
1 257536
1 258048
1 258560
1 259072
1 259584
1 260096
1 260608
1 261120
1 261632
1 262144
1 262656
1 263168
1 263680
1 264192
1 264704
1 265216
1 265728
1 266240
1 266752
1 267264
1 267776
1 268288
1 268800
1 269312
1 269824
1 270336
1 270848
1 271360
1 271872
1 272384
1 272896
1 273408
1 273920
1 274432
1 274944
1 275456
1 275968
1 276480
1 276992
1 277504
1 278016
1 278528
1 279040
1 279552
1 280064
1 280576
1 281088
1 281600
1 282112
1 282624
1 283136
1 283648
1 284160
1 284672
1 285184
1 285696
1 286208
1 286720
1 287232
1 287744
1 288256
1 288768
1 289280
1 289792
1 290304
1 290816
1 291328
1 291840
1 292352
1 292864
1 293376
1 293888
1 294400
1 294912
1 295424
1 295936
1 296448
1 296960
1 297472
1 297984
1 298496
1 299008
1 299520
1 300032
1 300544
1 301056
1 301568
1 302080
1 302592
1 303104
1 303616
1 304128
1 304640
1 305152
1 305664
1 306176
1 306688
1 307200
1 307712
1 308224
1 308736
1 309248
1 309760
1 310272
1 310784
1 311296
1 311808
1 312320
1 312832
1 313344
1 313856
1 314368
1 314880
1 315392
1 315904
1 316416
1 316928
1 317440
1 317952
1 318464
1 318976
1 319488
1 320000
1 320512
1 321024
1 321536
1 322048
1 322560
1 323072
1 323584
1 324096
1 324608
1 325120
1 325632
1 326144
1 326656
1 327168
1 327680
1 328192
1 328704
1 329216
1 329728
1 330240
1 330752
1 331264
1 331776
1 332288
1 332800
1 333312
1 333824
1 334336
1 334848
1 335360
1 335872
1 336384
1 336896
1 337408
1 337920
1 338432
1 338944
1 339456
1 339968
1 340480
1 340992
1 341504
1 342016
1 342528
1 343040
1 343552
1 344064
1 344576
1 345088
1 345600
1 346112
1 346624
1 347136
1 347648
1 348160
1 348672
1 349184
1 349696
1 350208
1 350720
1 351232
1 351744
1 352256
1 352768
1 353280
1 353792
1 354304
1 354816
1 355328
1 355840
1 356352
1 356864
1 357376
1 357888
1 358400
1 358912
1 359424
1 359936
1 360448
1 360960
1 361472
1 361984
1 362496
1 363008
1 363520
1 364032
1 364544
1 365056
1 365568
1 366080
1 366592
1 367104
1 367616
1 368128
1 368640
1 369152
1 369664
1 370176
1 370688
1 371200
1 371712
1 372224
1 372736
1 373248
1 373760
1 374272
1 374784
1 375296
1 375808
1 376320
1 376832
1 377344
1 377856
1 378368
1 378880
1 379392
1 379904
1 380416
1 380928
1 381440
1 381952
1 382464
1 382976
1 383488
1 384000
1 384512
1 385024
1 385536
1 386048
1 386560
1 387072
1 387584
1 388096
1 388608
1 389120
1 389632
1 390144
1 390656
1 391168
1 391680
1 392192
1 392704
1 393216
1 393728
1 394240
1 394752
1 395264
1 395776
1 396288
1 396800
1 397312
1 397824
1 398336
1 398848
1 399360
1 399872
1 400384
1 400896
1 401408
1 401920
1 402432
1 402944
1 403456
1 403968
1 404480
1 404992
1 405504
1 406016
1 406528
1 407040
1 407552
1 408064
1 408576
1 409088
1 409600
1 410112
1 410624
1 411136
1 411648
1 412160
1 412672
1 413184
1 413696
1 414208
1 414720
1 415232
1 415744
1 416256
1 416768
1 417280
1 417792
1 418304
1 418816
1 419328
1 419840
1 420352
1 420864
1 421376
1 421888
1 422400
1 422912
1 423424
1 423936
1 424448
1 424960
1 425472
1 425984
1 426496
1 427008
1 427520
1 428032
1 428544
1 429056
1 429568
1 430080
1 430592
1 431104
1 431616
1 432128
1 432640
1 433152
1 433664
1 434176
1 434688
1 435200
1 435712
1 436224
1 436736
1 437248
1 437760
1 438272
1 438784
1 439296
1 439808
1 440320
1 440832
1 441344
1 441856
1 442368
1 442880
1 443392
1 443904
1 444416
1 444928
1 445440
1 445952
1 446464
1 446976
1 447488
1 448000
1 448512
1 449024
1 449536
1 450048
1 450560
1 451072
1 451584
1 452096
1 452608
1 453120
1 453632
1 454144
1 454656
1 455168
1 455680
1 456192
1 456704
1 457216
1 457728
1 458240
1 458752
1 459264
1 459776
1 460288
1 460800
1 461312
1 461824
1 462336
1 462848
1 463360
1 463872
1 464384
1 464896
1 465408
1 465920
1 466432
1 466944
1 467456
1 467968
1 468480
1 468992
1 469504
1 470016
1 470528
1 471040
1 471552
1 472064
1 472576
1 473088
1 473600
1 474112
1 474624
1 475136
1 475648
1 476160
1 476672
1 477184
1 477696
1 478208
1 478720
1 479232
1 479744
1 480256
1 480768
1 481280
1 481792
1 482304
1 482816
1 483328
1 483840
1 484352
1 484864
1 485376
1 485888
1 486400
1 486912
1 487424
1 487936
1 488448
1 488960
1 489472
1 489984
1 490496
1 491008
1 491520
1 492032
1 492544
1 493056
1 493568
1 494080
1 494592
1 495104
1 495616
1 496128
1 496640
1 497152
1 497664
1 498176
1 498688
1 499200
1 499712
1 500224
1 500736
1 501248
1 501760
1 502272
1 502784
1 503296
1 503808
1 504320
1 504832
1 505344
1 505856
1 506368
1 506880
1 507392
1 507904
1 508416
1 508928
1 509440
1 509952
1 510464
1 510976
1 511488
1 512000
1 512512
1 513024
1 513536
1 514048
1 514560
1 515072
1 515584
1 516096
1 516608
1 517120
1 517632
1 518144
1 518656
1 519168
1 519680
1 520192
1 520704
1 521216
1 521728
1 522240
1 522752
1 523264
1 523776
2 77777
0 4294443008
1 4293918720
1 4293926912
1 4293935104
1 4293943296
1 4294180864
0 0
0 8192
0 16384
0 24576
0 32768
0 40960
0 49152
0 57344
0 262144
0 270336
0 278528
0 286720
0 294912
0 303104
0 311296
0 319488
1 524288
1 532480
1 540672
1 548864
1 557056
1 565248
1 573440
1 581632
1 4294180864
0 65536
0 73728
0 81920
0 90112
0 98304
0 106496
0 114688
0 122880
0 327680
0 335872
0 344064
0 352256
0 360448
0 368640
0 376832
0 385024
1 589824
1 598016
1 606208
1 614400
1 622592
1 630784
1 638976
1 647168
1 4294180864
0 131072
0 139264
0 147456
0 155648
0 163840
0 172032
0 180224
0 188416
0 393216
0 401408
0 409600
0 417792
0 425984
0 434176
0 442368
0 450560
1 655360
1 663552
1 671744
1 679936
1 688128
1 696320
1 704512
1 712704
1 4294180864
0 196608
0 204800
0 212992
0 221184
0 229376
0 237568
0 245760
0 253952
0 458752
0 466944
0 475136
0 483328
0 491520
0 499712
0 507904
0 516096
1 720896
1 729088
1 737280
1 745472
1 753664
1 761856
1 770048
1 778240
1 4294180864
0 512
0 8704
0 16896
0 25088
0 33280
0 41472
0 49664
0 57856
0 262656
0 270848
0 279040
0 287232
0 295424
0 303616
0 311808
0 320000
1 524800
1 532992
1 541184
1 549376
1 557568
1 565760
1 573952
1 582144
1 4294180864
0 66048
0 74240
0 82432
0 90624
0 98816
0 107008
0 115200
0 123392
0 328192
0 336384
0 344576
0 352768
0 360960
0 369152
0 377344
0 385536
1 590336
1 598528
1 606720
1 614912
1 623104
1 631296
1 639488
1 647680
1 4294180864
0 131584
0 139776
0 147968
0 156160
0 164352
0 172544
0 180736
0 188928
0 393728
0 401920
0 410112
0 418304
0 426496
0 434688
0 442880
0 451072
1 655872
1 664064
1 672256
1 680448
1 688640
1 696832
1 705024
1 713216
1 4294180864
0 197120
0 205312
0 213504
0 221696
0 229888
0 238080
0 246272
0 254464
0 459264
0 467456
0 475648
0 483840
0 492032
0 500224
0 508416
0 516608
1 721408
1 729600
1 737792
1 745984
1 754176
1 762368
1 770560
1 778752
0 4294705152
3 77777
0 524288
0 524800
0 525312
0 525824
0 526336
0 526848
0 527360
0 527872
0 528384
0 528896
0 529408
0 529920
0 530432
0 530944
0 531456
0 531968
0 532480
0 532992
0 533504
0 534016
0 534528
0 535040
0 535552
0 536064
0 536576
0 537088
0 537600
0 538112
0 538624
0 539136
0 539648
0 540160
0 540672
0 541184
0 541696
0 542208
0 542720
0 543232
0 543744
0 544256
0 544768
0 545280
0 545792
0 546304
0 546816
0 547328
0 547840
0 548352
0 548864
0 549376
0 549888
0 550400
0 550912
0 551424
0 551936
0 552448
0 552960
0 553472
0 553984
0 554496
0 555008
0 555520
0 556032
0 556544
0 557056
0 557568
0 558080
0 558592
0 559104
0 559616
0 560128
0 560640
0 561152
0 561664
0 562176
0 562688
0 563200
0 563712
0 564224
0 564736
0 565248
0 565760
0 566272
0 566784
0 567296
0 567808
0 568320
0 568832
0 569344
0 569856
0 570368
0 570880
0 571392
0 571904
0 572416
0 572928
0 573440
0 573952
0 574464
0 574976
0 575488
0 576000
0 576512
0 577024
0 577536
0 578048
0 578560
0 579072
0 579584
0 580096
0 580608
0 581120
0 581632
0 582144
0 582656
0 583168
0 583680
0 584192
0 584704
0 585216
0 585728
0 586240
0 586752
0 587264
0 587776
0 588288
0 588800
0 589312
0 589824
0 590336
0 590848
0 591360
0 591872
0 592384
0 592896
0 593408
0 593920
0 594432
0 594944
0 595456
0 595968
0 596480
0 596992
0 597504
0 598016
0 598528
0 599040
0 599552
0 600064
0 600576
0 601088
0 601600
0 602112
0 602624
0 603136
0 603648
0 604160
0 604672
0 605184
0 605696
0 606208
0 606720
0 607232
0 607744
0 608256
0 608768
0 609280
0 609792
0 610304
0 610816
0 611328
0 611840
0 612352
0 612864
0 613376
0 613888
0 614400
0 614912
0 615424
0 615936
0 616448
0 616960
0 617472
0 617984
0 618496
0 619008
0 619520
0 620032
0 620544
0 621056
0 621568
0 622080
0 622592
0 623104
0 623616
0 624128
0 624640
0 625152
0 625664
0 626176
0 626688
0 627200
0 627712
0 628224
0 628736
0 629248
0 629760
0 630272
0 630784
0 631296
0 631808
0 632320
0 632832
0 633344
0 633856
0 634368
0 634880
0 635392
0 635904
0 636416
0 636928
0 637440
0 637952
0 638464
0 638976
0 639488
0 640000
0 640512
0 641024
0 641536
0 642048
0 642560
0 643072
0 643584
0 644096
0 644608
0 645120
0 645632
0 646144
0 646656
0 647168
0 647680
0 648192
0 648704
0 649216
0 649728
0 650240
0 650752
0 651264
0 651776
0 652288
0 652800
0 653312
0 653824
0 654336
0 654848
0 655360
0 655872
0 656384
0 656896
0 657408
0 657920
0 658432
0 658944
0 659456
0 659968
0 660480
0 660992
0 661504
0 662016
0 662528
0 663040
0 663552
0 664064
0 664576
0 665088
0 665600
0 666112
0 666624
0 667136
0 667648
0 668160
0 668672
0 669184
0 669696
0 670208
0 670720
0 671232
0 671744
0 672256
0 672768
0 673280
0 673792
0 674304
0 674816
0 675328
0 675840
0 676352
0 676864
0 677376
0 677888
0 678400
0 678912
0 679424
0 679936
0 680448
0 680960
0 681472
0 681984
0 682496
0 683008
0 683520
0 684032
0 684544
0 685056
0 685568
0 686080
0 686592
0 687104
0 687616
0 688128
0 688640
0 689152
0 689664
0 690176
0 690688
0 691200
0 691712
0 692224
0 692736
0 693248
0 693760
0 694272
0 694784
0 695296
0 695808
0 696320
0 696832
0 697344
0 697856
0 698368
0 698880
0 699392
0 699904
0 700416
0 700928
0 701440
0 701952
0 702464
0 702976
0 703488
0 704000
0 704512
0 705024
0 705536
0 706048
0 706560
0 707072
0 707584
0 708096
0 708608
0 709120
0 709632
0 710144
0 710656
0 711168
0 711680
0 712192
0 712704
0 713216
0 713728
0 714240
0 714752
0 715264
0 715776
0 716288
0 716800
0 717312
0 717824
0 718336
0 718848
0 719360
0 719872
0 720384
0 720896
0 721408
0 721920
0 722432
0 722944
0 723456
0 723968
0 724480
0 724992
0 725504
0 726016
0 726528
0 727040
0 727552
0 728064
0 728576
0 729088
0 729600
0 730112
0 730624
0 731136
0 731648
0 732160
0 732672
0 733184
0 733696
0 734208
0 734720
0 735232
0 735744
0 736256
0 736768
0 737280
0 737792
0 738304
0 738816
0 739328
0 739840
0 740352
0 740864
0 741376
0 741888
0 742400
0 742912
0 743424
0 743936
0 744448
0 744960
0 745472
0 745984
0 746496
0 747008
0 747520
0 748032
0 748544
0 749056
0 749568
0 750080
0 750592
0 751104
0 751616
0 752128
0 752640
0 753152
0 753664
0 754176
0 754688
0 755200
0 755712
0 756224
0 756736
0 757248
0 757760
0 758272
0 758784
0 759296
0 759808
0 760320
0 760832
0 761344
0 761856
0 762368
0 762880
0 763392
0 763904
0 764416
0 764928
0 765440
0 765952
0 766464
0 766976
0 767488
0 768000
0 768512
0 769024
0 769536
0 770048
0 770560
0 771072
0 771584
0 772096
0 772608
0 773120
0 773632
0 774144
0 774656
0 775168
0 775680
0 776192
0 776704
0 777216
0 777728
0 778240
0 778752
0 779264
0 779776
0 780288
0 780800
0 781312
0 781824
0 782336
0 782848
0 783360
0 783872
0 784384
0 784896
0 785408
0 785920
