1 0
1 512
1 1024
1 1536
1 2048
1 2560
1 3072
1 3584
1 4096
1 4608
1 5120
1 5632
1 6144
1 6656
1 7168
1 7680
1 8192
1 8704
1 9216
1 9728
1 10240
1 10752
1 11264
1 11776
1 12288
1 12800
1 13312
1 13824
1 14336
1 14848
1 15360
1 15872
1 16384
1 16896
1 17408
1 17920
1 18432
1 18944
1 19456
1 19968
1 20480
1 20992
1 21504
1 22016
1 22528
1 23040
1 23552
1 24064
1 24576
1 25088
1 25600
1 26112
1 26624
1 27136
1 27648
1 28160
1 28672
1 29184
1 29696
1 30208
1 30720
1 31232
1 31744
1 32256
1 32768
1 33280
1 33792
1 34304
1 34816
1 35328
1 35840
1 36352
1 36864
1 37376
1 37888
1 38400
1 38912
1 39424
1 39936
1 40448
1 40960
1 41472
1 41984
1 42496
1 43008
1 43520
1 44032
1 44544
1 45056
1 45568
1 46080
1 46592
1 47104
1 47616
1 48128
1 48640
1 49152
1 49664
1 50176
1 50688
1 51200
1 51712
1 52224
1 52736
1 53248
1 53760
1 54272
1 54784
1 55296
1 55808
1 56320
1 56832
1 57344
1 57856
1 58368
1 58880
1 59392
1 59904
1 60416
1 60928
1 61440
1 61952
1 62464
1 62976
1 63488
1 64000
1 64512
1 65024
1 65536
1 66048
1 66560
1 67072
1 67584
1 68096
1 68608
1 69120
1 69632
1 70144
1 70656
1 71168
1 71680
1 72192
1 72704
1 73216
1 73728
1 74240
1 74752
1 75264
1 75776
1 76288
1 76800
1 77312
1 77824
1 78336
1 78848
1 79360
1 79872
1 80384
1 80896
1 81408
1 81920
1 82432
1 82944
1 83456
1 83968
1 84480
1 84992
1 85504
1 86016
1 86528
1 87040
1 87552
1 88064
1 88576
1 89088
1 89600
1 90112
1 90624
1 91136
1 91648
1 92160
1 92672
1 93184
1 93696
1 94208
1 94720
1 95232
1 95744
1 96256
1 96768
1 97280
1 97792
1 98304
1 98816
1 99328
1 99840
1 100352
1 100864
1 101376
1 101888
1 102400
1 102912
1 103424
1 103936
1 104448
1 104960
1 105472
1 105984
1 106496
1 107008
1 107520
1 108032
1 108544
1 109056
1 109568
1 110080
1 110592
1 111104
1 111616
1 112128
1 112640
1 113152
1 113664
1 114176
1 114688
1 115200
1 115712
1 116224
1 116736
1 117248
1 117760
1 118272
1 118784
1 119296
1 119808
1 120320
1 120832
1 121344
1 121856
1 122368
1 122880
1 123392
1 123904
1 124416
1 124928
1 125440
1 125952
1 126464
1 126976
1 127488
1 128000
1 128512
1 129024
1 129536
1 130048
1 130560
1 131072
1 131584
1 132096
1 132608
1 133120
1 133632
1 134144
1 134656
1 135168
1 135680
1 136192
1 136704
1 137216
1 137728
1 138240
1 138752
1 139264
1 139776
1 140288
1 140800
1 141312
1 141824
1 142336
1 142848
1 143360
1 143872
1 144384
1 144896
1 145408
1 145920
1 146432
1 146944
1 147456
1 147968
1 148480
1 148992
1 149504
1 150016
1 150528
1 151040
1 151552
1 152064
1 152576
1 153088
1 153600
1 154112
1 154624
1 155136
1 155648
1 156160
1 156672
1 157184
1 157696
1 158208
1 158720
1 159232
1 159744
1 160256
1 160768
1 161280
1 161792
1 162304
1 162816
1 163328
1 163840
1 164352
1 164864
1 165376
1 165888
1 166400
1 166912
1 167424
1 167936
1 168448
1 168960
1 169472
1 169984
1 170496
1 171008
1 171520
1 172032
1 172544
1 173056
1 173568
1 174080
1 174592
1 175104
1 175616
1 176128
1 176640
1 177152
1 177664
1 178176
1 178688
1 179200
1 179712
1 180224
1 180736
1 181248
1 181760
1 182272
1 182784
1 183296
1 183808
1 184320
1 184832
1 185344
1 185856
1 186368
1 186880
1 187392
1 187904
1 188416
1 188928
1 189440
1 189952
1 190464
1 190976
1 191488
1 192000
1 192512
1 193024
1 193536
1 194048
1 194560
1 195072
1 195584
1 196096
1 196608
1 197120
1 197632
1 198144
1 198656
1 199168
1 199680
1 200192
1 200704
1 201216
1 201728
1 202240
1 202752
1 203264
1 203776
1 204288
1 204800
1 205312
1 205824
1 206336
1 206848
1 207360
1 207872
1 208384
1 208896
1 209408
1 209920
1 210432
1 210944
1 211456
1 211968
1 212480
1 212992
1 213504
1 214016
1 214528
1 215040
1 215552
1 216064
1 216576
1 217088
1 217600
1 218112
1 218624
1 219136
1 219648
1 220160
1 220672
1 221184
1 221696
1 222208
1 222720
1 223232
1 223744
1 224256
1 224768
1 225280
1 225792
1 226304
1 226816
1 227328
1 227840
1 228352
1 228864
1 229376
1 229888
1 230400
1 230912
1 231424
1 231936
1 232448
1 232960
1 233472
1 233984
1 234496
1 235008
1 235520
1 236032
1 236544
1 237056
1 237568
1 238080
1 238592
1 239104
1 239616
1 240128
1 240640
1 241152
1 241664
1 242176
1 242688
1 243200
1 243712
1 244224
1 244736
1 245248
1 245760
1 246272
1 246784
1 247296
1 247808
1 248320
1 248832
1 249344
1 249856
1 250368
1 250880
1 251392
1 251904
1 252416
1 252928
1 253440
1 253952
1 254464
1 254976
1 255488
1 256000
1 256512
1 257024
1 257536
1 258048
1 258560
1 259072
1 259584
1 260096
1 260608
1 261120
1 261632
2 77777
1 262144
1 262656
1 263168
1 263680
1 264192
1 264704
1 265216
1 265728
1 266240
1 266752
1 267264
1 267776
1 268288
1 268800
1 269312
1 269824
1 270336
1 270848
1 271360
1 271872
1 272384
1 272896
1 273408
1 273920
1 274432
1 274944
1 275456
1 275968
1 276480
1 276992
1 277504
1 278016
1 278528
1 279040
1 279552
1 280064
1 280576
1 281088
1 281600
1 282112
1 282624
1 283136
1 283648
1 284160
1 284672
1 285184
1 285696
1 286208
1 286720
1 287232
1 287744
1 288256
1 288768
1 289280
1 289792
1 290304
1 290816
1 291328
1 291840
1 292352
1 292864
1 293376
1 293888
1 294400
1 294912
1 295424
1 295936
1 296448
1 296960
1 297472
1 297984
1 298496
1 299008
1 299520
1 300032
1 300544
1 301056
1 301568
1 302080
1 302592
1 303104
1 303616
1 304128
1 304640
1 305152
1 305664
1 306176
1 306688
1 307200
1 307712
1 308224
1 308736
1 309248
1 309760
1 310272
1 310784
1 311296
1 311808
1 312320
1 312832
1 313344
1 313856
1 314368
1 314880
1 315392
1 315904
1 316416
1 316928
1 317440
1 317952
1 318464
1 318976
1 319488
1 320000
1 320512
1 321024
1 321536
1 322048
1 322560
1 323072
1 323584
1 324096
1 324608
1 325120
1 325632
1 326144
1 326656
1 327168
1 327680
1 328192
1 328704
1 329216
1 329728
1 330240
1 330752
1 331264
1 331776
1 332288
1 332800
1 333312
1 333824
1 334336
1 334848
1 335360
1 335872
1 336384
1 336896
1 337408
1 337920
1 338432
1 338944
1 339456
1 339968
1 340480
1 340992
1 341504
1 342016
1 342528
1 343040
1 343552
1 344064
1 344576
1 345088
1 345600
1 346112
1 346624
1 347136
1 347648
1 348160
1 348672
1 349184
1 349696
1 350208
1 350720
1 351232
1 351744
1 352256
1 352768
1 353280
1 353792
1 354304
1 354816
1 355328
1 355840
1 356352
1 356864
1 357376
1 357888
1 358400
1 358912
1 359424
1 359936
1 360448
1 360960
1 361472
1 361984
1 362496
1 363008
1 363520
1 364032
1 364544
1 365056
1 365568
1 366080
1 366592
1 367104
1 367616
1 368128
1 368640
1 369152
1 369664
1 370176
1 370688
1 371200
1 371712
1 372224
1 372736
1 373248
1 373760
1 374272
1 374784
1 375296
1 375808
1 376320
1 376832
1 377344
1 377856
1 378368
1 378880
1 379392
1 379904
1 380416
1 380928
1 381440
1 381952
1 382464
1 382976
1 383488
1 384000
1 384512
1 385024
1 385536
1 386048
1 386560
1 387072
1 387584
1 388096
1 388608
1 389120
1 389632
1 390144
1 390656
1 391168
1 391680
1 392192
1 392704
0 4294443008
1 4293918720
1 4293926912
1 4293935104
1 4293943296
1 4294180864
0 262144
0 270336
0 278528
0 286720
0 294912
0 303104
0 311296
0 319488
0 0
0 8192
0 16384
0 24576
0 32768
0 40960
0 49152
0 57344
0 131072
0 139264
0 147456
0 155648
0 163840
0 172032
0 180224
0 188416
1 393216
1 401408
1 409600
1 417792
1 425984
1 434176
1 442368
1 450560
1 4294180864
0 327680
0 335872
0 344064
0 352256
0 360448
0 368640
0 376832
0 385024
0 65536
0 73728
0 81920
0 90112
0 98304
0 106496
0 114688
0 122880
0 196608
0 204800
0 212992
0 221184
0 229376
0 237568
0 245760
0 253952
1 458752
1 466944
1 475136
1 483328
1 491520
1 499712
1 507904
1 516096
1 4294180864
0 262656
0 270848
0 279040
0 287232
0 295424
0 303616
0 311808
0 320000
0 512
0 8704
0 16896
0 25088
0 33280
0 41472
0 49664
0 57856
0 131584
0 139776
0 147968
0 156160
0 164352
0 172544
0 180736
0 188928
1 393728
1 401920
1 410112
1 418304
1 426496
1 434688
1 442880
1 451072
1 4294180864
0 328192
0 336384
0 344576
0 352768
0 360960
0 369152
0 377344
0 385536
0 66048
0 74240
0 82432
0 90624
0 98816
0 107008
0 115200
0 123392
0 197120
0 205312
0 213504
0 221696
0 229888
0 238080
0 246272
0 254464
1 459264
1 467456
1 475648
1 483840
1 492032
1 500224
1 508416
1 516608
0 4294705152
3 77777
0 393216
0 393728
0 394240
0 394752
0 395264
0 395776
0 396288
0 396800
0 397312
0 397824
0 398336
0 398848
0 399360
0 399872
0 400384
0 400896
0 401408
0 401920
0 402432
0 402944
0 403456
0 403968
0 404480
0 404992
0 405504
0 406016
0 406528
0 407040
0 407552
0 408064
0 408576
0 409088
0 409600
0 410112
0 410624
0 411136
0 411648
0 412160
0 412672
0 413184
0 413696
0 414208
0 414720
0 415232
0 415744
0 416256
0 416768
0 417280
0 417792
0 418304
0 418816
0 419328
0 419840
0 420352
0 420864
0 421376
0 421888
0 422400
0 422912
0 423424
0 423936
0 424448
0 424960
0 425472
0 425984
0 426496
0 427008
0 427520
0 428032
0 428544
0 429056
0 429568
0 430080
0 430592
0 431104
0 431616
0 432128
0 432640
0 433152
0 433664
0 434176
0 434688
0 435200
0 435712
0 436224
0 436736
0 437248
0 437760
0 438272
0 438784
0 439296
0 439808
0 440320
0 440832
0 441344
0 441856
0 442368
0 442880
0 443392
0 443904
0 444416
0 444928
0 445440
0 445952
0 446464
0 446976
0 447488
0 448000
0 448512
0 449024
0 449536
0 450048
0 450560
0 451072
0 451584
0 452096
0 452608
0 453120
0 453632
0 454144
0 454656
0 455168
0 455680
0 456192
0 456704
0 457216
0 457728
0 458240
0 458752
0 459264
0 459776
0 460288
0 460800
0 461312
0 461824
0 462336
0 462848
0 463360
0 463872
0 464384
0 464896
0 465408
0 465920
0 466432
0 466944
0 467456
0 467968
0 468480
0 468992
0 469504
0 470016
0 470528
0 471040
0 471552
0 472064
0 472576
0 473088
0 473600
0 474112
0 474624
0 475136
0 475648
0 476160
0 476672
0 477184
0 477696
0 478208
0 478720
0 479232
0 479744
0 480256
0 480768
0 481280
0 481792
0 482304
0 482816
0 483328
0 483840
0 484352
0 484864
0 485376
0 485888
0 486400
0 486912
0 487424
0 487936
0 488448
0 488960
0 489472
0 489984
0 490496
0 491008
0 491520
0 492032
0 492544
0 493056
0 493568
0 494080
0 494592
0 495104
0 495616
0 496128
0 496640
0 497152
0 497664
0 498176
0 498688
0 499200
0 499712
0 500224
0 500736
0 501248
0 501760
0 502272
0 502784
0 503296
0 503808
0 504320
0 504832
0 505344
0 505856
0 506368
0 506880
0 507392
0 507904
0 508416
0 508928
0 509440
0 509952
0 510464
0 510976
0 511488
0 512000
0 512512
0 513024
0 513536
0 514048
0 514560
0 515072
0 515584
0 516096
0 516608
0 517120
0 517632
0 518144
0 518656
0 519168
0 519680
0 520192
0 520704
0 521216
0 521728
0 522240
0 522752
0 523264
0 523776
