1 0
1 512
1 1024
1 1536
1 2048
1 2560
1 3072
1 3584
1 4096
1 4608
1 5120
1 5632
1 6144
1 6656
1 7168
1 7680
1 8192
1 8704
1 9216
1 9728
1 10240
1 10752
1 11264
1 11776
1 12288
1 12800
1 13312
1 13824
1 14336
1 14848
1 15360
1 15872
1 16384
1 16896
1 17408
1 17920
1 18432
1 18944
1 19456
1 19968
1 20480
1 20992
1 21504
1 22016
1 22528
1 23040
1 23552
1 24064
1 24576
1 25088
1 25600
1 26112
1 26624
1 27136
1 27648
1 28160
1 28672
1 29184
1 29696
1 30208
1 30720
1 31232
1 31744
1 32256
1 32768
1 33280
1 33792
1 34304
1 34816
1 35328
1 35840
1 36352
1 36864
1 37376
1 37888
1 38400
1 38912
1 39424
1 39936
1 40448
1 40960
1 41472
1 41984
1 42496
1 43008
1 43520
1 44032
1 44544
1 45056
1 45568
1 46080
1 46592
1 47104
1 47616
1 48128
1 48640
1 49152
1 49664
1 50176
1 50688
1 51200
1 51712
1 52224
1 52736
1 53248
1 53760
1 54272
1 54784
1 55296
1 55808
1 56320
1 56832
1 57344
1 57856
1 58368
1 58880
1 59392
1 59904
1 60416
1 60928
1 61440
1 61952
1 62464
1 62976
1 63488
1 64000
1 64512
1 65024
1 65536
1 66048
1 66560
1 67072
1 67584
1 68096
1 68608
1 69120
1 69632
1 70144
1 70656
1 71168
1 71680
1 72192
1 72704
1 73216
1 73728
1 74240
1 74752
1 75264
1 75776
1 76288
1 76800
1 77312
1 77824
1 78336
1 78848
1 79360
1 79872
1 80384
1 80896
1 81408
1 81920
1 82432
1 82944
1 83456
1 83968
1 84480
1 84992
1 85504
1 86016
1 86528
1 87040
1 87552
1 88064
1 88576
1 89088
1 89600
1 90112
1 90624
1 91136
1 91648
1 92160
1 92672
1 93184
1 93696
1 94208
1 94720
1 95232
1 95744
1 96256
1 96768
1 97280
1 97792
1 98304
1 98816
1 99328
1 99840
1 100352
1 100864
1 101376
1 101888
1 102400
1 102912
1 103424
1 103936
1 104448
1 104960
1 105472
1 105984
1 106496
1 107008
1 107520
1 108032
1 108544
1 109056
1 109568
1 110080
1 110592
1 111104
1 111616
1 112128
1 112640
1 113152
1 113664
1 114176
1 114688
1 115200
1 115712
1 116224
1 116736
1 117248
1 117760
1 118272
1 118784
1 119296
1 119808
1 120320
1 120832
1 121344
1 121856
1 122368
1 122880
1 123392
1 123904
1 124416
1 124928
1 125440
1 125952
1 126464
1 126976
1 127488
1 128000
1 128512
1 129024
1 129536
1 130048
1 130560
1 131072
1 131584
1 132096
1 132608
1 133120
1 133632
1 134144
1 134656
1 135168
1 135680
1 136192
1 136704
1 137216
1 137728
1 138240
1 138752
1 139264
1 139776
1 140288
1 140800
1 141312
1 141824
1 142336
1 142848
1 143360
1 143872
1 144384
1 144896
1 145408
1 145920
1 146432
1 146944
1 147456
1 147968
1 148480
1 148992
1 149504
1 150016
1 150528
1 151040
1 151552
1 152064
1 152576
1 153088
1 153600
1 154112
1 154624
1 155136
1 155648
1 156160
1 156672
1 157184
1 157696
1 158208
1 158720
1 159232
1 159744
1 160256
1 160768
1 161280
1 161792
1 162304
1 162816
1 163328
1 163840
1 164352
1 164864
1 165376
1 165888
1 166400
1 166912
1 167424
1 167936
1 168448
1 168960
1 169472
1 169984
1 170496
1 171008
1 171520
1 172032
1 172544
1 173056
1 173568
1 174080
1 174592
1 175104
1 175616
1 176128
1 176640
1 177152
1 177664
1 178176
1 178688
1 179200
1 179712
1 180224
1 180736
1 181248
1 181760
1 182272
1 182784
1 183296
1 183808
1 184320
1 184832
1 185344
1 185856
1 186368
1 186880
1 187392
1 187904
1 188416
1 188928
1 189440
1 189952
1 190464
1 190976
1 191488
1 192000
1 192512
1 193024
1 193536
1 194048
1 194560
1 195072
1 195584
1 196096
1 196608
1 197120
1 197632
1 198144
1 198656
1 199168
1 199680
1 200192
1 200704
1 201216
1 201728
1 202240
1 202752
1 203264
1 203776
1 204288
1 204800
1 205312
1 205824
1 206336
1 206848
1 207360
1 207872
1 208384
1 208896
1 209408
1 209920
1 210432
1 210944
1 211456
1 211968
1 212480
1 212992
1 213504
1 214016
1 214528
1 215040
1 215552
1 216064
1 216576
1 217088
1 217600
1 218112
1 218624
1 219136
1 219648
1 220160
1 220672
1 221184
1 221696
1 222208
1 222720
1 223232
1 223744
1 224256
1 224768
1 225280
1 225792
1 226304
1 226816
1 227328
1 227840
1 228352
1 228864
1 229376
1 229888
1 230400
1 230912
1 231424
1 231936
1 232448
1 232960
1 233472
1 233984
1 234496
1 235008
1 235520
1 236032
1 236544
1 237056
1 237568
1 238080
1 238592
1 239104
1 239616
1 240128
1 240640
1 241152
1 241664
1 242176
1 242688
1 243200
1 243712
1 244224
1 244736
1 245248
1 245760
1 246272
1 246784
1 247296
1 247808
1 248320
1 248832
1 249344
1 249856
1 250368
1 250880
1 251392
1 251904
1 252416
1 252928
1 253440
1 253952
1 254464
1 254976
1 255488
1 256000
1 256512
1 257024
1 257536
1 258048
1 258560
1 259072
1 259584
1 260096
1 260608
1 261120
1 261632
1 262144
1 262656
1 263168
1 263680
1 264192
1 264704
1 265216
1 265728
1 266240
1 266752
1 267264
1 267776
1 268288
1 268800
1 269312
1 269824
1 270336
1 270848
1 271360
1 271872
1 272384
1 272896
1 273408
1 273920
1 274432
1 274944
1 275456
1 275968
1 276480
1 276992
1 277504
1 278016
1 278528
1 279040
1 279552
1 280064
1 280576
1 281088
1 281600
1 282112
1 282624
1 283136
1 283648
1 284160
1 284672
1 285184
1 285696
1 286208
1 286720
1 287232
1 287744
1 288256
1 288768
1 289280
1 289792
1 290304
1 290816
1 291328
1 291840
1 292352
1 292864
1 293376
1 293888
1 294400
1 294912
1 295424
1 295936
1 296448
1 296960
1 297472
1 297984
1 298496
1 299008
1 299520
1 300032
1 300544
1 301056
1 301568
1 302080
1 302592
1 303104
1 303616
1 304128
1 304640
1 305152
1 305664
1 306176
1 306688
1 307200
1 307712
1 308224
1 308736
1 309248
1 309760
1 310272
1 310784
1 311296
1 311808
1 312320
1 312832
1 313344
1 313856
1 314368
1 314880
1 315392
1 315904
1 316416
1 316928
1 317440
1 317952
1 318464
1 318976
1 319488
1 320000
1 320512
1 321024
1 321536
1 322048
1 322560
1 323072
1 323584
1 324096
1 324608
1 325120
1 325632
1 326144
1 326656
1 327168
1 327680
1 328192
1 328704
1 329216
1 329728
1 330240
1 330752
1 331264
1 331776
1 332288
1 332800
1 333312
1 333824
1 334336
1 334848
1 335360
1 335872
1 336384
1 336896
1 337408
1 337920
1 338432
1 338944
1 339456
1 339968
1 340480
1 340992
1 341504
1 342016
1 342528
1 343040
1 343552
1 344064
1 344576
1 345088
1 345600
1 346112
1 346624
1 347136
1 347648
1 348160
1 348672
1 349184
1 349696
1 350208
1 350720
1 351232
1 351744
1 352256
1 352768
1 353280
1 353792
1 354304
1 354816
1 355328
1 355840
1 356352
1 356864
1 357376
1 357888
1 358400
1 358912
1 359424
1 359936
1 360448
1 360960
1 361472
1 361984
1 362496
1 363008
1 363520
1 364032
1 364544
1 365056
1 365568
1 366080
1 366592
1 367104
1 367616
1 368128
1 368640
1 369152
1 369664
1 370176
1 370688
1 371200
1 371712
1 372224
1 372736
1 373248
1 373760
1 374272
1 374784
1 375296
1 375808
1 376320
1 376832
1 377344
1 377856
1 378368
1 378880
1 379392
1 379904
1 380416
1 380928
1 381440
1 381952
1 382464
1 382976
1 383488
1 384000
1 384512
1 385024
1 385536
1 386048
1 386560
1 387072
1 387584
1 388096
1 388608
1 389120
1 389632
1 390144
1 390656
1 391168
1 391680
1 392192
1 392704
1 393216
1 393728
1 394240
1 394752
1 395264
1 395776
1 396288
1 396800
1 397312
1 397824
1 398336
1 398848
1 399360
1 399872
1 400384
1 400896
1 401408
1 401920
1 402432
1 402944
1 403456
1 403968
1 404480
1 404992
1 405504
1 406016
1 406528
1 407040
1 407552
1 408064
1 408576
1 409088
1 409600
1 410112
1 410624
1 411136
1 411648
1 412160
1 412672
1 413184
1 413696
1 414208
1 414720
1 415232
1 415744
1 416256
1 416768
1 417280
1 417792
1 418304
1 418816
1 419328
1 419840
1 420352
1 420864
1 421376
1 421888
1 422400
1 422912
1 423424
1 423936
1 424448
1 424960
1 425472
1 425984
1 426496
1 427008
1 427520
1 428032
1 428544
1 429056
1 429568
1 430080
1 430592
1 431104
1 431616
1 432128
1 432640
1 433152
1 433664
1 434176
1 434688
1 435200
1 435712
1 436224
1 436736
1 437248
1 437760
1 438272
1 438784
1 439296
1 439808
1 440320
1 440832
1 441344
1 441856
1 442368
1 442880
1 443392
1 443904
1 444416
1 444928
1 445440
1 445952
1 446464
1 446976
1 447488
1 448000
1 448512
1 449024
1 449536
1 450048
1 450560
1 451072
1 451584
1 452096
1 452608
1 453120
1 453632
1 454144
1 454656
1 455168
1 455680
1 456192
1 456704
1 457216
1 457728
1 458240
1 458752
1 459264
1 459776
1 460288
1 460800
1 461312
1 461824
1 462336
1 462848
1 463360
1 463872
1 464384
1 464896
1 465408
1 465920
1 466432
1 466944
1 467456
1 467968
1 468480
1 468992
1 469504
1 470016
1 470528
1 471040
1 471552
1 472064
1 472576
1 473088
1 473600
1 474112
1 474624
1 475136
1 475648
1 476160
1 476672
1 477184
1 477696
1 478208
1 478720
1 479232
1 479744
1 480256
1 480768
1 481280
1 481792
1 482304
1 482816
1 483328
1 483840
1 484352
1 484864
1 485376
1 485888
1 486400
1 486912
1 487424
1 487936
1 488448
1 488960
1 489472
1 489984
1 490496
1 491008
1 491520
1 492032
1 492544
1 493056
1 493568
1 494080
1 494592
1 495104
1 495616
1 496128
1 496640
1 497152
1 497664
1 498176
1 498688
1 499200
1 499712
1 500224
1 500736
1 501248
1 501760
1 502272
1 502784
1 503296
1 503808
1 504320
1 504832
1 505344
1 505856
1 506368
1 506880
1 507392
1 507904
1 508416
1 508928
1 509440
1 509952
1 510464
1 510976
1 511488
1 512000
1 512512
1 513024
1 513536
1 514048
1 514560
1 515072
1 515584
1 516096
1 516608
1 517120
1 517632
1 518144
1 518656
1 519168
1 519680
1 520192
1 520704
1 521216
1 521728
1 522240
1 522752
1 523264
1 523776
1 524288
1 524800
1 525312
1 525824
1 526336
1 526848
1 527360
1 527872
1 528384
1 528896
1 529408
1 529920
1 530432
1 530944
1 531456
1 531968
1 532480
1 532992
1 533504
1 534016
1 534528
1 535040
1 535552
1 536064
1 536576
1 537088
1 537600
1 538112
1 538624
1 539136
1 539648
1 540160
1 540672
1 541184
1 541696
1 542208
1 542720
1 543232
1 543744
1 544256
1 544768
1 545280
1 545792
1 546304
1 546816
1 547328
1 547840
1 548352
1 548864
1 549376
1 549888
1 550400
1 550912
1 551424
1 551936
1 552448
1 552960
1 553472
1 553984
1 554496
1 555008
1 555520
1 556032
1 556544
1 557056
1 557568
1 558080
1 558592
1 559104
1 559616
1 560128
1 560640
1 561152
1 561664
1 562176
1 562688
1 563200
1 563712
1 564224
1 564736
1 565248
1 565760
1 566272
1 566784
1 567296
1 567808
1 568320
1 568832
1 569344
1 569856
1 570368
1 570880
1 571392
1 571904
1 572416
1 572928
1 573440
1 573952
1 574464
1 574976
1 575488
1 576000
1 576512
1 577024
1 577536
1 578048
1 578560
1 579072
1 579584
1 580096
1 580608
1 581120
1 581632
1 582144
1 582656
1 583168
1 583680
1 584192
1 584704
1 585216
1 585728
1 586240
1 586752
1 587264
1 587776
1 588288
1 588800
1 589312
1 589824
1 590336
1 590848
1 591360
1 591872
1 592384
1 592896
1 593408
1 593920
1 594432
1 594944
1 595456
1 595968
1 596480
1 596992
1 597504
1 598016
1 598528
1 599040
1 599552
1 600064
1 600576
1 601088
1 601600
1 602112
1 602624
1 603136
1 603648
1 604160
1 604672
1 605184
1 605696
1 606208
1 606720
1 607232
1 607744
1 608256
1 608768
1 609280
1 609792
1 610304
1 610816
1 611328
1 611840
1 612352
1 612864
1 613376
1 613888
1 614400
1 614912
1 615424
1 615936
1 616448
1 616960
1 617472
1 617984
1 618496
1 619008
1 619520
1 620032
1 620544
1 621056
1 621568
1 622080
1 622592
1 623104
1 623616
1 624128
1 624640
1 625152
1 625664
1 626176
1 626688
1 627200
1 627712
1 628224
1 628736
1 629248
1 629760
1 630272
1 630784
1 631296
1 631808
1 632320
1 632832
1 633344
1 633856
1 634368
1 634880
1 635392
1 635904
1 636416
1 636928
1 637440
1 637952
1 638464
1 638976
1 639488
1 640000
1 640512
1 641024
1 641536
1 642048
1 642560
1 643072
1 643584
1 644096
1 644608
1 645120
1 645632
1 646144
1 646656
1 647168
1 647680
1 648192
1 648704
1 649216
1 649728
1 650240
1 650752
1 651264
1 651776
1 652288
1 652800
1 653312
1 653824
1 654336
1 654848
1 655360
1 655872
1 656384
1 656896
1 657408
1 657920
1 658432
1 658944
1 659456
1 659968
1 660480
1 660992
1 661504
1 662016
1 662528
1 663040
1 663552
1 664064
1 664576
1 665088
1 665600
1 666112
1 666624
1 667136
1 667648
1 668160
1 668672
1 669184
1 669696
1 670208
1 670720
1 671232
1 671744
1 672256
1 672768
1 673280
1 673792
1 674304
1 674816
1 675328
1 675840
1 676352
1 676864
1 677376
1 677888
1 678400
1 678912
1 679424
1 679936
1 680448
1 680960
1 681472
1 681984
1 682496
1 683008
1 683520
1 684032
1 684544
1 685056
1 685568
1 686080
1 686592
1 687104
1 687616
1 688128
1 688640
1 689152
1 689664
1 690176
1 690688
1 691200
1 691712
1 692224
1 692736
1 693248
1 693760
1 694272
1 694784
1 695296
1 695808
1 696320
1 696832
1 697344
1 697856
1 698368
1 698880
1 699392
1 699904
1 700416
1 700928
1 701440
1 701952
1 702464
1 702976
1 703488
1 704000
1 704512
1 705024
1 705536
1 706048
1 706560
1 707072
1 707584
1 708096
1 708608
1 709120
1 709632
1 710144
1 710656
1 711168
1 711680
1 712192
1 712704
1 713216
1 713728
1 714240
1 714752
1 715264
1 715776
1 716288
1 716800
1 717312
1 717824
1 718336
1 718848
1 719360
1 719872
1 720384
1 720896
1 721408
1 721920
1 722432
1 722944
1 723456
1 723968
1 724480
1 724992
1 725504
1 726016
1 726528
1 727040
1 727552
1 728064
1 728576
1 729088
1 729600
1 730112
1 730624
1 731136
1 731648
1 732160
1 732672
1 733184
1 733696
1 734208
1 734720
1 735232
1 735744
1 736256
1 736768
1 737280
1 737792
1 738304
1 738816
1 739328
1 739840
1 740352
1 740864
1 741376
1 741888
1 742400
1 742912
1 743424
1 743936
1 744448
1 744960
1 745472
1 745984
1 746496
1 747008
1 747520
1 748032
1 748544
1 749056
1 749568
1 750080
1 750592
1 751104
1 751616
1 752128
1 752640
1 753152
1 753664
1 754176
1 754688
1 755200
1 755712
1 756224
1 756736
1 757248
1 757760
1 758272
1 758784
1 759296
1 759808
1 760320
1 760832
1 761344
1 761856
1 762368
1 762880
1 763392
1 763904
1 764416
1 764928
1 765440
1 765952
1 766464
1 766976
1 767488
1 768000
1 768512
1 769024
1 769536
1 770048
1 770560
1 771072
1 771584
1 772096
1 772608
1 773120
1 773632
1 774144
1 774656
1 775168
1 775680
1 776192
1 776704
1 777216
1 777728
1 778240
1 778752
1 779264
1 779776
1 780288
1 780800
1 781312
1 781824
1 782336
1 782848
1 783360
1 783872
1 784384
1 784896
1 785408
1 785920
1 786432
1 786944
1 787456
1 787968
1 788480
1 788992
1 789504
1 790016
1 790528
1 791040
1 791552
1 792064
1 792576
1 793088
1 793600
1 794112
1 794624
1 795136
1 795648
1 796160
1 796672
1 797184
1 797696
1 798208
1 798720
1 799232
1 799744
1 800256
1 800768
1 801280
1 801792
1 802304
1 802816
1 803328
1 803840
1 804352
1 804864
1 805376
1 805888
1 806400
1 806912
1 807424
1 807936
1 808448
1 808960
1 809472
1 809984
1 810496
1 811008
1 811520
1 812032
1 812544
1 813056
1 813568
1 814080
1 814592
1 815104
1 815616
1 816128
1 816640
1 817152
1 817664
1 818176
1 818688
1 819200
1 819712
1 820224
1 820736
1 821248
1 821760
1 822272
1 822784
1 823296
1 823808
1 824320
1 824832
1 825344
1 825856
1 826368
1 826880
1 827392
1 827904
1 828416
1 828928
1 829440
1 829952
1 830464
1 830976
1 831488
1 832000
1 832512
1 833024
1 833536
1 834048
1 834560
1 835072
1 835584
1 836096
1 836608
1 837120
1 837632
1 838144
1 838656
1 839168
1 839680
1 840192
1 840704
1 841216
1 841728
1 842240
1 842752
1 843264
1 843776
1 844288
1 844800
1 845312
1 845824
1 846336
1 846848
1 847360
1 847872
1 848384
1 848896
1 849408
1 849920
1 850432
1 850944
1 851456
1 851968
1 852480
1 852992
1 853504
1 854016
1 854528
1 855040
1 855552
1 856064
1 856576
1 857088
1 857600
1 858112
1 858624
1 859136
1 859648
1 860160
1 860672
1 861184
1 861696
1 862208
1 862720
1 863232
1 863744
1 864256
1 864768
1 865280
1 865792
1 866304
1 866816
1 867328
1 867840
1 868352
1 868864
1 869376
1 869888
1 870400
1 870912
1 871424
1 871936
1 872448
1 872960
1 873472
1 873984
1 874496
1 875008
1 875520
1 876032
1 876544
1 877056
1 877568
1 878080
1 878592
1 879104
1 879616
1 880128
1 880640
1 881152
1 881664
1 882176
1 882688
1 883200
1 883712
1 884224
1 884736
1 885248
1 885760
1 886272
1 886784
1 887296
1 887808
1 888320
1 888832
1 889344
1 889856
1 890368
1 890880
1 891392
1 891904
1 892416
1 892928
1 893440
1 893952
1 894464
1 894976
1 895488
1 896000
1 896512
1 897024
1 897536
1 898048
1 898560
1 899072
1 899584
1 900096
1 900608
1 901120
1 901632
1 902144
1 902656
1 903168
1 903680
1 904192
1 904704
1 905216
1 905728
1 906240
1 906752
1 907264
1 907776
1 908288
1 908800
1 909312
1 909824
1 910336
1 910848
1 911360
1 911872
1 912384
1 912896
1 913408
1 913920
1 914432
1 914944
1 915456
1 915968
1 916480
1 916992
1 917504
1 918016
1 918528
1 919040
1 919552
1 920064
1 920576
1 921088
1 921600
1 922112
1 922624
1 923136
1 923648
1 924160
1 924672
1 925184
1 925696
1 926208
1 926720
1 927232
1 927744
1 928256
1 928768
1 929280
1 929792
1 930304
1 930816
1 931328
1 931840
1 932352
1 932864
1 933376
1 933888
1 934400
1 934912
1 935424
1 935936
1 936448
1 936960
1 937472
1 937984
1 938496
1 939008
1 939520
1 940032
1 940544
1 941056
1 941568
1 942080
1 942592
1 943104
1 943616
1 944128
1 944640
1 945152
1 945664
1 946176
1 946688
1 947200
1 947712
1 948224
1 948736
1 949248
1 949760
1 950272
1 950784
1 951296
1 951808
1 952320
1 952832
1 953344
1 953856
1 954368
1 954880
1 955392
1 955904
1 956416
1 956928
1 957440
1 957952
1 958464
1 958976
1 959488
1 960000
1 960512
1 961024
1 961536
1 962048
1 962560
1 963072
1 963584
1 964096
1 964608
1 965120
1 965632
1 966144
1 966656
1 967168
1 967680
1 968192
1 968704
1 969216
1 969728
1 970240
1 970752
1 971264
1 971776
1 972288
1 972800
1 973312
1 973824
1 974336
1 974848
1 975360
1 975872
1 976384
1 976896
1 977408
1 977920
1 978432
1 978944
1 979456
1 979968
1 980480
1 980992
1 981504
1 982016
1 982528
1 983040
1 983552
1 984064
1 984576
1 985088
1 985600
1 986112
1 986624
1 987136
1 987648
1 988160
1 988672
1 989184
1 989696
1 990208
1 990720
1 991232
1 991744
1 992256
1 992768
1 993280
1 993792
1 994304
1 994816
1 995328
1 995840
1 996352
1 996864
1 997376
1 997888
1 998400
1 998912
1 999424
1 999936
1 1000448
1 1000960
1 1001472
1 1001984
1 1002496
1 1003008
1 1003520
1 1004032
1 1004544
1 1005056
1 1005568
1 1006080
1 1006592
1 1007104
1 1007616
1 1008128
1 1008640
1 1009152
1 1009664
1 1010176
1 1010688
1 1011200
1 1011712
1 1012224
1 1012736
1 1013248
1 1013760
1 1014272
1 1014784
1 1015296
1 1015808
1 1016320
1 1016832
1 1017344
1 1017856
1 1018368
1 1018880
1 1019392
1 1019904
1 1020416
1 1020928
1 1021440
1 1021952
1 1022464
1 1022976
1 1023488
1 1024000
1 1024512
1 1025024
1 1025536
1 1026048
1 1026560
1 1027072
1 1027584
1 1028096
1 1028608
1 1029120
1 1029632
1 1030144
1 1030656
1 1031168
1 1031680
1 1032192
1 1032704
1 1033216
1 1033728
1 1034240
1 1034752
1 1035264
1 1035776
1 1036288
1 1036800
1 1037312
1 1037824
1 1038336
1 1038848
1 1039360
1 1039872
1 1040384
1 1040896
1 1041408
1 1041920
1 1042432
1 1042944
1 1043456
1 1043968
1 1044480
1 1044992
1 1045504
1 1046016
1 1046528
1 1047040
1 1047552
1 1048064
1 1048576
1 1049088
1 1049600
1 1050112
1 1050624
1 1051136
1 1051648
1 1052160
1 1052672
1 1053184
1 1053696
1 1054208
1 1054720
1 1055232
1 1055744
1 1056256
1 1056768
1 1057280
1 1057792
1 1058304
1 1058816
1 1059328
1 1059840
1 1060352
1 1060864
1 1061376
1 1061888
1 1062400
1 1062912
1 1063424
1 1063936
1 1064448
1 1064960
1 1065472
1 1065984
1 1066496
1 1067008
1 1067520
1 1068032
1 1068544
1 1069056
1 1069568
1 1070080
1 1070592
1 1071104
1 1071616
1 1072128
1 1072640
1 1073152
1 1073664
1 1074176
1 1074688
1 1075200
1 1075712
1 1076224
1 1076736
1 1077248
1 1077760
1 1078272
1 1078784
1 1079296
1 1079808
1 1080320
1 1080832
1 1081344
1 1081856
1 1082368
1 1082880
1 1083392
1 1083904
1 1084416
1 1084928
1 1085440
1 1085952
1 1086464
1 1086976
1 1087488
1 1088000
1 1088512
1 1089024
1 1089536
1 1090048
1 1090560
1 1091072
1 1091584
1 1092096
1 1092608
1 1093120
1 1093632
1 1094144
1 1094656
1 1095168
1 1095680
1 1096192
1 1096704
1 1097216
1 1097728
1 1098240
1 1098752
1 1099264
1 1099776
1 1100288
1 1100800
1 1101312
1 1101824
1 1102336
1 1102848
1 1103360
1 1103872
1 1104384
1 1104896
1 1105408
1 1105920
1 1106432
1 1106944
1 1107456
1 1107968
1 1108480
1 1108992
1 1109504
1 1110016
1 1110528
1 1111040
1 1111552
1 1112064
1 1112576
1 1113088
1 1113600
1 1114112
1 1114624
1 1115136
1 1115648
1 1116160
1 1116672
1 1117184
1 1117696
1 1118208
1 1118720
1 1119232
1 1119744
1 1120256
1 1120768
1 1121280
1 1121792
1 1122304
1 1122816
1 1123328
1 1123840
1 1124352
1 1124864
1 1125376
1 1125888
1 1126400
1 1126912
1 1127424
1 1127936
1 1128448
1 1128960
1 1129472
1 1129984
1 1130496
1 1131008
1 1131520
1 1132032
1 1132544
1 1133056
1 1133568
1 1134080
1 1134592
1 1135104
1 1135616
1 1136128
1 1136640
1 1137152
1 1137664
1 1138176
1 1138688
1 1139200
1 1139712
1 1140224
1 1140736
1 1141248
1 1141760
1 1142272
1 1142784
1 1143296
1 1143808
1 1144320
1 1144832
1 1145344
1 1145856
1 1146368
1 1146880
1 1147392
1 1147904
1 1148416
1 1148928
1 1149440
1 1149952
1 1150464
1 1150976
1 1151488
1 1152000
1 1152512
1 1153024
1 1153536
1 1154048
1 1154560
1 1155072
1 1155584
1 1156096
1 1156608
1 1157120
1 1157632
1 1158144
1 1158656
1 1159168
1 1159680
1 1160192
1 1160704
1 1161216
1 1161728
1 1162240
1 1162752
1 1163264
1 1163776
1 1164288
1 1164800
1 1165312
1 1165824
1 1166336
1 1166848
1 1167360
1 1167872
1 1168384
1 1168896
1 1169408
1 1169920
1 1170432
1 1170944
1 1171456
1 1171968
1 1172480
1 1172992
1 1173504
1 1174016
1 1174528
1 1175040
1 1175552
1 1176064
1 1176576
1 1177088
1 1177600
1 1178112
1 1178624
1 1179136
1 1179648
1 1180160
1 1180672
1 1181184
1 1181696
1 1182208
1 1182720
1 1183232
1 1183744
1 1184256
1 1184768
1 1185280
1 1185792
1 1186304
1 1186816
1 1187328
1 1187840
1 1188352
1 1188864
1 1189376
1 1189888
1 1190400
1 1190912
1 1191424
1 1191936
1 1192448
1 1192960
1 1193472
1 1193984
1 1194496
1 1195008
1 1195520
1 1196032
1 1196544
1 1197056
1 1197568
1 1198080
1 1198592
1 1199104
1 1199616
1 1200128
1 1200640
1 1201152
1 1201664
1 1202176
1 1202688
1 1203200
1 1203712
1 1204224
1 1204736
1 1205248
1 1205760
1 1206272
1 1206784
1 1207296
1 1207808
1 1208320
1 1208832
1 1209344
1 1209856
1 1210368
1 1210880
1 1211392
1 1211904
1 1212416
1 1212928
1 1213440
1 1213952
1 1214464
1 1214976
1 1215488
1 1216000
1 1216512
1 1217024
1 1217536
1 1218048
1 1218560
1 1219072
1 1219584
1 1220096
1 1220608
1 1221120
1 1221632
1 1222144
1 1222656
1 1223168
1 1223680
1 1224192
1 1224704
1 1225216
1 1225728
1 1226240
1 1226752
1 1227264
1 1227776
1 1228288
1 1228800
1 1229312
1 1229824
1 1230336
1 1230848
1 1231360
1 1231872
1 1232384
1 1232896
1 1233408
1 1233920
1 1234432
1 1234944
1 1235456
1 1235968
1 1236480
1 1236992
1 1237504
1 1238016
1 1238528
1 1239040
1 1239552
1 1240064
1 1240576
1 1241088
1 1241600
1 1242112
1 1242624
1 1243136
1 1243648
1 1244160
1 1244672
1 1245184
1 1245696
1 1246208
1 1246720
1 1247232
1 1247744
1 1248256
1 1248768
1 1249280
1 1249792
1 1250304
1 1250816
1 1251328
1 1251840
1 1252352
1 1252864
1 1253376
1 1253888
1 1254400
1 1254912
1 1255424
1 1255936
1 1256448
1 1256960
1 1257472
1 1257984
1 1258496
1 1259008
1 1259520
1 1260032
1 1260544
1 1261056
1 1261568
1 1262080
1 1262592
1 1263104
1 1263616
1 1264128
1 1264640
1 1265152
1 1265664
1 1266176
1 1266688
1 1267200
1 1267712
1 1268224
1 1268736
1 1269248
1 1269760
1 1270272
1 1270784
1 1271296
1 1271808
1 1272320
1 1272832
1 1273344
1 1273856
1 1274368
1 1274880
1 1275392
1 1275904
1 1276416
1 1276928
1 1277440
1 1277952
1 1278464
1 1278976
1 1279488
1 1280000
1 1280512
1 1281024
1 1281536
1 1282048
1 1282560
1 1283072
1 1283584
1 1284096
1 1284608
1 1285120
1 1285632
1 1286144
1 1286656
1 1287168
1 1287680
1 1288192
1 1288704
1 1289216
1 1289728
1 1290240
1 1290752
1 1291264
1 1291776
1 1292288
1 1292800
1 1293312
1 1293824
1 1294336
1 1294848
1 1295360
1 1295872
1 1296384
1 1296896
1 1297408
1 1297920
1 1298432
1 1298944
1 1299456
1 1299968
1 1300480
1 1300992
1 1301504
1 1302016
1 1302528
1 1303040
1 1303552
1 1304064
1 1304576
1 1305088
1 1305600
1 1306112
1 1306624
1 1307136
1 1307648
1 1308160
1 1308672
1 1309184
1 1309696
1 1310208
1 1310720
1 1311232
1 1311744
1 1312256
1 1312768
1 1313280
1 1313792
1 1314304
1 1314816
1 1315328
1 1315840
1 1316352
1 1316864
1 1317376
1 1317888
1 1318400
1 1318912
1 1319424
1 1319936
1 1320448
1 1320960
1 1321472
1 1321984
1 1322496
1 1323008
1 1323520
1 1324032
1 1324544
1 1325056
1 1325568
1 1326080
1 1326592
1 1327104
1 1327616
1 1328128
1 1328640
1 1329152
1 1329664
1 1330176
1 1330688
1 1331200
1 1331712
1 1332224
1 1332736
1 1333248
1 1333760
1 1334272
1 1334784
1 1335296
1 1335808
1 1336320
1 1336832
1 1337344
1 1337856
1 1338368
1 1338880
1 1339392
1 1339904
1 1340416
1 1340928
1 1341440
1 1341952
1 1342464
1 1342976
1 1343488
1 1344000
1 1344512
1 1345024
1 1345536
1 1346048
1 1346560
1 1347072
1 1347584
1 1348096
1 1348608
1 1349120
1 1349632
1 1350144
1 1350656
1 1351168
1 1351680
1 1352192
1 1352704
1 1353216
1 1353728
1 1354240
1 1354752
1 1355264
1 1355776
1 1356288
1 1356800
1 1357312
1 1357824
1 1358336
1 1358848
1 1359360
1 1359872
1 1360384
1 1360896
1 1361408
1 1361920
1 1362432
1 1362944
1 1363456
1 1363968
1 1364480
1 1364992
1 1365504
1 1366016
1 1366528
1 1367040
1 1367552
1 1368064
1 1368576
1 1369088
1 1369600
1 1370112
1 1370624
1 1371136
1 1371648
1 1372160
1 1372672
1 1373184
1 1373696
1 1374208
1 1374720
1 1375232
1 1375744
1 1376256
1 1376768
1 1377280
1 1377792
1 1378304
1 1378816
1 1379328
1 1379840
1 1380352
1 1380864
1 1381376
1 1381888
1 1382400
1 1382912
1 1383424
1 1383936
1 1384448
1 1384960
1 1385472
1 1385984
1 1386496
1 1387008
1 1387520
1 1388032
1 1388544
1 1389056
1 1389568
1 1390080
1 1390592
1 1391104
1 1391616
1 1392128
1 1392640
1 1393152
1 1393664
1 1394176
1 1394688
1 1395200
1 1395712
1 1396224
1 1396736
1 1397248
1 1397760
1 1398272
1 1398784
1 1399296
1 1399808
1 1400320
1 1400832
1 1401344
1 1401856
1 1402368
1 1402880
1 1403392
1 1403904
1 1404416
1 1404928
1 1405440
1 1405952
1 1406464
1 1406976
1 1407488
1 1408000
1 1408512
1 1409024
1 1409536
1 1410048
1 1410560
1 1411072
1 1411584
1 1412096
1 1412608
1 1413120
1 1413632
1 1414144
1 1414656
1 1415168
1 1415680
1 1416192
1 1416704
1 1417216
1 1417728
1 1418240
1 1418752
1 1419264
1 1419776
1 1420288
1 1420800
1 1421312
1 1421824
1 1422336
1 1422848
1 1423360
1 1423872
1 1424384
1 1424896
1 1425408
1 1425920
1 1426432
1 1426944
1 1427456
1 1427968
1 1428480
1 1428992
1 1429504
1 1430016
1 1430528
1 1431040
1 1431552
1 1432064
1 1432576
1 1433088
1 1433600
1 1434112
1 1434624
1 1435136
1 1435648
1 1436160
1 1436672
1 1437184
1 1437696
1 1438208
1 1438720
1 1439232
1 1439744
1 1440256
1 1440768
1 1441280
1 1441792
1 1442304
1 1442816
1 1443328
1 1443840
1 1444352
1 1444864
1 1445376
1 1445888
1 1446400
1 1446912
1 1447424
1 1447936
1 1448448
1 1448960
1 1449472
1 1449984
1 1450496
1 1451008
1 1451520
1 1452032
1 1452544
1 1453056
1 1453568
1 1454080
1 1454592
1 1455104
1 1455616
1 1456128
1 1456640
1 1457152
1 1457664
1 1458176
1 1458688
1 1459200
1 1459712
1 1460224
1 1460736
1 1461248
1 1461760
1 1462272
1 1462784
1 1463296
1 1463808
1 1464320
1 1464832
1 1465344
1 1465856
1 1466368
1 1466880
1 1467392
1 1467904
1 1468416
1 1468928
1 1469440
1 1469952
1 1470464
1 1470976
1 1471488
1 1472000
1 1472512
1 1473024
1 1473536
1 1474048
1 1474560
1 1475072
1 1475584
1 1476096
1 1476608
1 1477120
1 1477632
1 1478144
1 1478656
1 1479168
1 1479680
1 1480192
1 1480704
1 1481216
1 1481728
1 1482240
1 1482752
1 1483264
1 1483776
1 1484288
1 1484800
1 1485312
1 1485824
1 1486336
1 1486848
1 1487360
1 1487872
1 1488384
1 1488896
1 1489408
1 1489920
1 1490432
1 1490944
1 1491456
1 1491968
1 1492480
1 1492992
1 1493504
1 1494016
1 1494528
1 1495040
1 1495552
1 1496064
1 1496576
1 1497088
1 1497600
1 1498112
1 1498624
1 1499136
1 1499648
1 1500160
1 1500672
1 1501184
1 1501696
1 1502208
1 1502720
1 1503232
1 1503744
1 1504256
1 1504768
1 1505280
1 1505792
1 1506304
1 1506816
1 1507328
1 1507840
1 1508352
1 1508864
1 1509376
1 1509888
1 1510400
1 1510912
1 1511424
1 1511936
1 1512448
1 1512960
1 1513472
1 1513984
1 1514496
1 1515008
1 1515520
1 1516032
1 1516544
1 1517056
1 1517568
1 1518080
1 1518592
1 1519104
1 1519616
1 1520128
1 1520640
1 1521152
1 1521664
1 1522176
1 1522688
1 1523200
1 1523712
1 1524224
1 1524736
1 1525248
1 1525760
1 1526272
1 1526784
1 1527296
1 1527808
1 1528320
1 1528832
1 1529344
1 1529856
1 1530368
1 1530880
1 1531392
1 1531904
1 1532416
1 1532928
1 1533440
1 1533952
1 1534464
1 1534976
1 1535488
1 1536000
1 1536512
1 1537024
1 1537536
1 1538048
1 1538560
1 1539072
1 1539584
1 1540096
1 1540608
1 1541120
1 1541632
1 1542144
1 1542656
1 1543168
1 1543680
1 1544192
1 1544704
1 1545216
1 1545728
1 1546240
1 1546752
1 1547264
1 1547776
1 1548288
1 1548800
1 1549312
1 1549824
1 1550336
1 1550848
1 1551360
1 1551872
1 1552384
1 1552896
1 1553408
1 1553920
1 1554432
1 1554944
1 1555456
1 1555968
1 1556480
1 1556992
1 1557504
1 1558016
1 1558528
1 1559040
1 1559552
1 1560064
1 1560576
1 1561088
1 1561600
1 1562112
1 1562624
1 1563136
1 1563648
1 1564160
1 1564672
1 1565184
1 1565696
1 1566208
1 1566720
1 1567232
1 1567744
1 1568256
1 1568768
1 1569280
1 1569792
1 1570304
1 1570816
1 1571328
1 1571840
1 1572352
1 1572864
1 1573376
1 1573888
1 1574400
1 1574912
1 1575424
1 1575936
1 1576448
1 1576960
1 1577472
1 1577984
1 1578496
1 1579008
1 1579520
1 1580032
1 1580544
1 1581056
1 1581568
1 1582080
1 1582592
1 1583104
1 1583616
1 1584128
1 1584640
1 1585152
1 1585664
1 1586176
1 1586688
1 1587200
1 1587712
1 1588224
1 1588736
1 1589248
1 1589760
1 1590272
1 1590784
1 1591296
1 1591808
1 1592320
1 1592832
1 1593344
1 1593856
1 1594368
1 1594880
1 1595392
1 1595904
1 1596416
1 1596928
1 1597440
1 1597952
1 1598464
1 1598976
1 1599488
1 1600000
1 1600512
1 1601024
1 1601536
1 1602048
1 1602560
1 1603072
1 1603584
1 1604096
1 1604608
1 1605120
1 1605632
1 1606144
1 1606656
1 1607168
1 1607680
1 1608192
1 1608704
1 1609216
1 1609728
1 1610240
1 1610752
1 1611264
1 1611776
1 1612288
1 1612800
1 1613312
1 1613824
1 1614336
1 1614848
1 1615360
1 1615872
1 1616384
1 1616896
1 1617408
1 1617920
1 1618432
1 1618944
1 1619456
1 1619968
1 1620480
1 1620992
1 1621504
1 1622016
1 1622528
1 1623040
1 1623552
1 1624064
1 1624576
1 1625088
1 1625600
1 1626112
1 1626624
1 1627136
1 1627648
1 1628160
1 1628672
1 1629184
1 1629696
1 1630208
1 1630720
1 1631232
1 1631744
1 1632256
1 1632768
1 1633280
1 1633792
1 1634304
1 1634816
1 1635328
1 1635840
1 1636352
1 1636864
1 1637376
1 1637888
1 1638400
1 1638912
1 1639424
1 1639936
1 1640448
1 1640960
1 1641472
1 1641984
1 1642496
1 1643008
1 1643520
1 1644032
1 1644544
1 1645056
1 1645568
1 1646080
1 1646592
1 1647104
1 1647616
1 1648128
1 1648640
1 1649152
1 1649664
1 1650176
1 1650688
1 1651200
1 1651712
1 1652224
1 1652736
1 1653248
1 1653760
1 1654272
1 1654784
1 1655296
1 1655808
1 1656320
1 1656832
1 1657344
1 1657856
1 1658368
1 1658880
1 1659392
1 1659904
1 1660416
1 1660928
1 1661440
1 1661952
1 1662464
1 1662976
1 1663488
1 1664000
1 1664512
1 1665024
1 1665536
1 1666048
1 1666560
1 1667072
1 1667584
1 1668096
1 1668608
1 1669120
1 1669632
1 1670144
1 1670656
1 1671168
1 1671680
1 1672192
1 1672704
1 1673216
1 1673728
1 1674240
1 1674752
1 1675264
1 1675776
1 1676288
1 1676800
1 1677312
1 1677824
1 1678336
1 1678848
1 1679360
1 1679872
1 1680384
1 1680896
1 1681408
1 1681920
1 1682432
1 1682944
1 1683456
1 1683968
1 1684480
1 1684992
1 1685504
1 1686016
1 1686528
1 1687040
1 1687552
1 1688064
1 1688576
1 1689088
1 1689600
1 1690112
1 1690624
1 1691136
1 1691648
1 1692160
1 1692672
1 1693184
1 1693696
1 1694208
1 1694720
1 1695232
1 1695744
1 1696256
1 1696768
1 1697280
1 1697792
1 1698304
1 1698816
1 1699328
1 1699840
1 1700352
1 1700864
1 1701376
1 1701888
1 1702400
1 1702912
1 1703424
1 1703936
1 1704448
1 1704960
1 1705472
1 1705984
1 1706496
1 1707008
1 1707520
1 1708032
1 1708544
1 1709056
1 1709568
1 1710080
1 1710592
1 1711104
1 1711616
1 1712128
1 1712640
1 1713152
1 1713664
1 1714176
1 1714688
1 1715200
1 1715712
1 1716224
1 1716736
1 1717248
1 1717760
1 1718272
1 1718784
1 1719296
1 1719808
1 1720320
1 1720832
1 1721344
1 1721856
1 1722368
1 1722880
1 1723392
1 1723904
1 1724416
1 1724928
1 1725440
1 1725952
1 1726464
1 1726976
1 1727488
1 1728000
1 1728512
1 1729024
1 1729536
1 1730048
1 1730560
1 1731072
1 1731584
1 1732096
1 1732608
1 1733120
1 1733632
1 1734144
1 1734656
1 1735168
1 1735680
1 1736192
1 1736704
1 1737216
1 1737728
1 1738240
1 1738752
1 1739264
1 1739776
1 1740288
1 1740800
1 1741312
1 1741824
1 1742336
1 1742848
1 1743360
1 1743872
1 1744384
1 1744896
1 1745408
1 1745920
1 1746432
1 1746944
1 1747456
1 1747968
1 1748480
1 1748992
1 1749504
1 1750016
1 1750528
1 1751040
1 1751552
1 1752064
1 1752576
1 1753088
1 1753600
1 1754112
1 1754624
1 1755136
1 1755648
1 1756160
1 1756672
1 1757184
1 1757696
1 1758208
1 1758720
1 1759232
1 1759744
1 1760256
1 1760768
1 1761280
1 1761792
1 1762304
1 1762816
1 1763328
1 1763840
1 1764352
1 1764864
1 1765376
1 1765888
1 1766400
1 1766912
1 1767424
1 1767936
1 1768448
1 1768960
1 1769472
1 1769984
1 1770496
1 1771008
1 1771520
1 1772032
1 1772544
1 1773056
1 1773568
1 1774080
1 1774592
1 1775104
1 1775616
1 1776128
1 1776640
1 1777152
1 1777664
1 1778176
1 1778688
1 1779200
1 1779712
1 1780224
1 1780736
1 1781248
1 1781760
1 1782272
1 1782784
1 1783296
1 1783808
1 1784320
1 1784832
1 1785344
1 1785856
1 1786368
1 1786880
1 1787392
1 1787904
1 1788416
1 1788928
1 1789440
1 1789952
1 1790464
1 1790976
1 1791488
1 1792000
1 1792512
1 1793024
1 1793536
1 1794048
1 1794560
1 1795072
1 1795584
1 1796096
1 1796608
1 1797120
1 1797632
1 1798144
1 1798656
1 1799168
1 1799680
1 1800192
1 1800704
1 1801216
1 1801728
1 1802240
1 1802752
1 1803264
1 1803776
1 1804288
1 1804800
1 1805312
1 1805824
1 1806336
1 1806848
1 1807360
1 1807872
1 1808384
1 1808896
1 1809408
1 1809920
1 1810432
1 1810944
1 1811456
1 1811968
1 1812480
1 1812992
1 1813504
1 1814016
1 1814528
1 1815040
1 1815552
1 1816064
1 1816576
1 1817088
1 1817600
1 1818112
1 1818624
1 1819136
1 1819648
1 1820160
1 1820672
1 1821184
1 1821696
1 1822208
1 1822720
1 1823232
1 1823744
1 1824256
1 1824768
1 1825280
1 1825792
1 1826304
1 1826816
1 1827328
1 1827840
1 1828352
1 1828864
1 1829376
1 1829888
1 1830400
1 1830912
1 1831424
1 1831936
1 1832448
1 1832960
1 1833472
1 1833984
1 1834496
1 1835008
1 1835520
1 1836032
1 1836544
1 1837056
1 1837568
1 1838080
1 1838592
1 1839104
1 1839616
1 1840128
1 1840640
1 1841152
1 1841664
1 1842176
1 1842688
1 1843200
1 1843712
1 1844224
1 1844736
1 1845248
1 1845760
1 1846272
1 1846784
1 1847296
1 1847808
1 1848320
1 1848832
1 1849344
1 1849856
1 1850368
1 1850880
1 1851392
1 1851904
1 1852416
1 1852928
1 1853440
1 1853952
1 1854464
1 1854976
1 1855488
1 1856000
1 1856512
1 1857024
1 1857536
1 1858048
1 1858560
1 1859072
1 1859584
1 1860096
1 1860608
1 1861120
1 1861632
1 1862144
1 1862656
1 1863168
1 1863680
1 1864192
1 1864704
1 1865216
1 1865728
1 1866240
1 1866752
1 1867264
1 1867776
1 1868288
1 1868800
1 1869312
1 1869824
1 1870336
1 1870848
1 1871360
1 1871872
1 1872384
1 1872896
1 1873408
1 1873920
1 1874432
1 1874944
1 1875456
1 1875968
1 1876480
1 1876992
1 1877504
1 1878016
1 1878528
1 1879040
1 1879552
1 1880064
1 1880576
1 1881088
1 1881600
1 1882112
1 1882624
1 1883136
1 1883648
1 1884160
1 1884672
1 1885184
1 1885696
1 1886208
1 1886720
1 1887232
1 1887744
1 1888256
1 1888768
1 1889280
1 1889792
1 1890304
1 1890816
1 1891328
1 1891840
1 1892352
1 1892864
1 1893376
1 1893888
1 1894400
1 1894912
1 1895424
1 1895936
1 1896448
1 1896960
1 1897472
1 1897984
1 1898496
1 1899008
1 1899520
1 1900032
1 1900544
1 1901056
1 1901568
1 1902080
1 1902592
1 1903104
1 1903616
1 1904128
1 1904640
1 1905152
1 1905664
1 1906176
1 1906688
1 1907200
1 1907712
1 1908224
1 1908736
1 1909248
1 1909760
1 1910272
1 1910784
1 1911296
1 1911808
1 1912320
1 1912832
1 1913344
1 1913856
1 1914368
1 1914880
1 1915392
1 1915904
1 1916416
1 1916928
1 1917440
1 1917952
1 1918464
1 1918976
1 1919488
1 1920000
1 1920512
1 1921024
1 1921536
1 1922048
1 1922560
1 1923072
1 1923584
1 1924096
1 1924608
1 1925120
1 1925632
1 1926144
1 1926656
1 1927168
1 1927680
1 1928192
1 1928704
1 1929216
1 1929728
1 1930240
1 1930752
1 1931264
1 1931776
1 1932288
1 1932800
1 1933312
1 1933824
1 1934336
1 1934848
1 1935360
1 1935872
1 1936384
1 1936896
1 1937408
1 1937920
1 1938432
1 1938944
1 1939456
1 1939968
1 1940480
1 1940992
1 1941504
1 1942016
1 1942528
1 1943040
1 1943552
1 1944064
1 1944576
1 1945088
1 1945600
1 1946112
1 1946624
1 1947136
1 1947648
1 1948160
1 1948672
1 1949184
1 1949696
1 1950208
1 1950720
1 1951232
1 1951744
1 1952256
1 1952768
1 1953280
1 1953792
1 1954304
1 1954816
1 1955328
1 1955840
1 1956352
1 1956864
1 1957376
1 1957888
1 1958400
1 1958912
1 1959424
1 1959936
1 1960448
1 1960960
1 1961472
1 1961984
1 1962496
1 1963008
1 1963520
1 1964032
1 1964544
1 1965056
1 1965568
1 1966080
1 1966592
1 1967104
1 1967616
1 1968128
1 1968640
1 1969152
1 1969664
1 1970176
1 1970688
1 1971200
1 1971712
1 1972224
1 1972736
1 1973248
1 1973760
1 1974272
1 1974784
1 1975296
1 1975808
1 1976320
1 1976832
1 1977344
1 1977856
1 1978368
1 1978880
1 1979392
1 1979904
1 1980416
1 1980928
1 1981440
1 1981952
1 1982464
1 1982976
1 1983488
1 1984000
1 1984512
1 1985024
1 1985536
1 1986048
1 1986560
1 1987072
1 1987584
1 1988096
1 1988608
1 1989120
1 1989632
1 1990144
1 1990656
1 1991168
1 1991680
1 1992192
1 1992704
1 1993216
1 1993728
1 1994240
1 1994752
1 1995264
1 1995776
1 1996288
1 1996800
1 1997312
1 1997824
1 1998336
1 1998848
1 1999360
1 1999872
1 2000384
1 2000896
1 2001408
1 2001920
1 2002432
1 2002944
1 2003456
1 2003968
1 2004480
1 2004992
1 2005504
1 2006016
1 2006528
1 2007040
1 2007552
1 2008064
1 2008576
1 2009088
1 2009600
1 2010112
1 2010624
1 2011136
1 2011648
1 2012160
1 2012672
1 2013184
1 2013696
1 2014208
1 2014720
1 2015232
1 2015744
1 2016256
1 2016768
1 2017280
1 2017792
1 2018304
1 2018816
1 2019328
1 2019840
1 2020352
1 2020864
1 2021376
1 2021888
1 2022400
1 2022912
1 2023424
1 2023936
1 2024448
1 2024960
1 2025472
1 2025984
1 2026496
1 2027008
1 2027520
1 2028032
1 2028544
1 2029056
1 2029568
1 2030080
1 2030592
1 2031104
1 2031616
1 2032128
1 2032640
1 2033152
1 2033664
1 2034176
1 2034688
1 2035200
1 2035712
1 2036224
1 2036736
1 2037248
1 2037760
1 2038272
1 2038784
1 2039296
1 2039808
1 2040320
1 2040832
1 2041344
1 2041856
1 2042368
1 2042880
1 2043392
1 2043904
1 2044416
1 2044928
1 2045440
1 2045952
1 2046464
1 2046976
1 2047488
1 2048000
1 2048512
1 2049024
1 2049536
1 2050048
1 2050560
1 2051072
1 2051584
1 2052096
1 2052608
1 2053120
1 2053632
1 2054144
1 2054656
1 2055168
1 2055680
1 2056192
1 2056704
1 2057216
1 2057728
1 2058240
1 2058752
1 2059264
1 2059776
1 2060288
1 2060800
1 2061312
1 2061824
1 2062336
1 2062848
1 2063360
1 2063872
1 2064384
1 2064896
1 2065408
1 2065920
1 2066432
1 2066944
1 2067456
1 2067968
1 2068480
1 2068992
1 2069504
1 2070016
1 2070528
1 2071040
1 2071552
1 2072064
1 2072576
1 2073088
1 2073600
1 2074112
1 2074624
1 2075136
1 2075648
1 2076160
1 2076672
1 2077184
1 2077696
1 2078208
1 2078720
1 2079232
1 2079744
1 2080256
1 2080768
1 2081280
1 2081792
1 2082304
1 2082816
1 2083328
1 2083840
1 2084352
1 2084864
1 2085376
1 2085888
1 2086400
1 2086912
1 2087424
1 2087936
1 2088448
1 2088960
1 2089472
1 2089984
1 2090496
1 2091008
1 2091520
1 2092032
1 2092544
1 2093056
1 2093568
1 2094080
1 2094592
1 2095104
1 2095616
1 2096128
1 2096640
1 2097152
1 2097664
1 2098176
1 2098688
1 2099200
1 2099712
1 2100224
1 2100736
1 2101248
1 2101760
1 2102272
1 2102784
1 2103296
1 2103808
1 2104320
1 2104832
1 2105344
1 2105856
1 2106368
1 2106880
1 2107392
1 2107904
1 2108416
1 2108928
1 2109440
1 2109952
1 2110464
1 2110976
1 2111488
1 2112000
1 2112512
1 2113024
1 2113536
1 2114048
1 2114560
1 2115072
1 2115584
1 2116096
1 2116608
1 2117120
1 2117632
1 2118144
1 2118656
1 2119168
1 2119680
1 2120192
1 2120704
1 2121216
1 2121728
1 2122240
1 2122752
1 2123264
1 2123776
1 2124288
1 2124800
1 2125312
1 2125824
1 2126336
1 2126848
1 2127360
1 2127872
1 2128384
1 2128896
1 2129408
1 2129920
1 2130432
1 2130944
1 2131456
1 2131968
1 2132480
1 2132992
1 2133504
1 2134016
1 2134528
1 2135040
1 2135552
1 2136064
1 2136576
1 2137088
1 2137600
1 2138112
1 2138624
1 2139136
1 2139648
1 2140160
1 2140672
1 2141184
1 2141696
1 2142208
1 2142720
1 2143232
1 2143744
1 2144256
1 2144768
1 2145280
1 2145792
1 2146304
1 2146816
1 2147328
1 2147840
1 2148352
1 2148864
1 2149376
1 2149888
1 2150400
1 2150912
1 2151424
1 2151936
1 2152448
1 2152960
1 2153472
1 2153984
1 2154496
1 2155008
1 2155520
1 2156032
1 2156544
1 2157056
1 2157568
1 2158080
1 2158592
1 2159104
1 2159616
1 2160128
1 2160640
1 2161152
1 2161664
1 2162176
1 2162688
1 2163200
1 2163712
1 2164224
1 2164736
1 2165248
1 2165760
1 2166272
1 2166784
1 2167296
1 2167808
1 2168320
1 2168832
1 2169344
1 2169856
1 2170368
1 2170880
1 2171392
1 2171904
1 2172416
1 2172928
1 2173440
1 2173952
1 2174464
1 2174976
1 2175488
1 2176000
1 2176512
1 2177024
1 2177536
1 2178048
1 2178560
1 2179072
1 2179584
1 2180096
1 2180608
1 2181120
1 2181632
1 2182144
1 2182656
1 2183168
1 2183680
1 2184192
1 2184704
1 2185216
1 2185728
1 2186240
1 2186752
1 2187264
1 2187776
1 2188288
1 2188800
1 2189312
1 2189824
1 2190336
1 2190848
1 2191360
1 2191872
1 2192384
1 2192896
1 2193408
1 2193920
1 2194432
1 2194944
1 2195456
1 2195968
1 2196480
1 2196992
1 2197504
1 2198016
1 2198528
1 2199040
1 2199552
1 2200064
1 2200576
1 2201088
1 2201600
1 2202112
1 2202624
1 2203136
1 2203648
1 2204160
1 2204672
1 2205184
1 2205696
1 2206208
1 2206720
1 2207232
1 2207744
1 2208256
1 2208768
1 2209280
1 2209792
1 2210304
1 2210816
1 2211328
1 2211840
1 2212352
1 2212864
1 2213376
1 2213888
1 2214400
1 2214912
1 2215424
1 2215936
1 2216448
1 2216960
1 2217472
1 2217984
1 2218496
1 2219008
1 2219520
1 2220032
1 2220544
1 2221056
1 2221568
1 2222080
1 2222592
1 2223104
1 2223616
1 2224128
1 2224640
1 2225152
1 2225664
1 2226176
1 2226688
1 2227200
1 2227712
1 2228224
1 2228736
1 2229248
1 2229760
1 2230272
1 2230784
1 2231296
1 2231808
1 2232320
1 2232832
1 2233344
1 2233856
1 2234368
1 2234880
1 2235392
1 2235904
1 2236416
1 2236928
1 2237440
1 2237952
1 2238464
1 2238976
1 2239488
1 2240000
1 2240512
1 2241024
1 2241536
1 2242048
1 2242560
1 2243072
1 2243584
1 2244096
1 2244608
1 2245120
1 2245632
1 2246144
1 2246656
1 2247168
1 2247680
1 2248192
1 2248704
1 2249216
1 2249728
1 2250240
1 2250752
1 2251264
1 2251776
1 2252288
1 2252800
1 2253312
1 2253824
1 2254336
1 2254848
1 2255360
1 2255872
1 2256384
1 2256896
1 2257408
1 2257920
1 2258432
1 2258944
1 2259456
1 2259968
1 2260480
1 2260992
1 2261504
1 2262016
1 2262528
1 2263040
1 2263552
1 2264064
1 2264576
1 2265088
1 2265600
1 2266112
1 2266624
1 2267136
1 2267648
1 2268160
1 2268672
1 2269184
1 2269696
1 2270208
1 2270720
1 2271232
1 2271744
1 2272256
1 2272768
1 2273280
1 2273792
1 2274304
1 2274816
1 2275328
1 2275840
1 2276352
1 2276864
1 2277376
1 2277888
1 2278400
1 2278912
1 2279424
1 2279936
1 2280448
1 2280960
1 2281472
1 2281984
1 2282496
1 2283008
1 2283520
1 2284032
1 2284544
1 2285056
1 2285568
1 2286080
1 2286592
1 2287104
1 2287616
1 2288128
1 2288640
1 2289152
1 2289664
1 2290176
1 2290688
1 2291200
1 2291712
1 2292224
1 2292736
1 2293248
1 2293760
1 2294272
1 2294784
1 2295296
1 2295808
1 2296320
1 2296832
1 2297344
1 2297856
1 2298368
1 2298880
1 2299392
1 2299904
1 2300416
1 2300928
1 2301440
1 2301952
1 2302464
1 2302976
1 2303488
1 2304000
1 2304512
1 2305024
1 2305536
1 2306048
1 2306560
1 2307072
1 2307584
1 2308096
1 2308608
1 2309120
1 2309632
1 2310144
1 2310656
1 2311168
1 2311680
1 2312192
1 2312704
1 2313216
1 2313728
1 2314240
1 2314752
1 2315264
1 2315776
1 2316288
1 2316800
1 2317312
1 2317824
1 2318336
1 2318848
1 2319360
1 2319872
1 2320384
1 2320896
1 2321408
1 2321920
1 2322432
1 2322944
1 2323456
1 2323968
1 2324480
1 2324992
1 2325504
1 2326016
1 2326528
1 2327040
1 2327552
1 2328064
1 2328576
1 2329088
1 2329600
1 2330112
1 2330624
1 2331136
1 2331648
1 2332160
1 2332672
1 2333184
1 2333696
1 2334208
1 2334720
1 2335232
1 2335744
1 2336256
1 2336768
1 2337280
1 2337792
1 2338304
1 2338816
1 2339328
1 2339840
1 2340352
1 2340864
1 2341376
1 2341888
1 2342400
1 2342912
1 2343424
1 2343936
1 2344448
1 2344960
1 2345472
1 2345984
1 2346496
1 2347008
1 2347520
1 2348032
1 2348544
1 2349056
1 2349568
1 2350080
1 2350592
1 2351104
1 2351616
1 2352128
1 2352640
1 2353152
1 2353664
1 2354176
1 2354688
1 2355200
1 2355712
1 2356224
1 2356736
1 2357248
1 2357760
1 2358272
1 2358784
1 2359296
1 2359808
1 2360320
1 2360832
1 2361344
1 2361856
1 2362368
1 2362880
1 2363392
1 2363904
1 2364416
1 2364928
1 2365440
1 2365952
1 2366464
1 2366976
1 2367488
1 2368000
1 2368512
1 2369024
1 2369536
1 2370048
1 2370560
1 2371072
1 2371584
1 2372096
1 2372608
1 2373120
1 2373632
1 2374144
1 2374656
1 2375168
1 2375680
1 2376192
1 2376704
1 2377216
1 2377728
1 2378240
1 2378752
1 2379264
1 2379776
1 2380288
1 2380800
1 2381312
1 2381824
1 2382336
1 2382848
1 2383360
1 2383872
1 2384384
1 2384896
1 2385408
1 2385920
1 2386432
1 2386944
1 2387456
1 2387968
1 2388480
1 2388992
1 2389504
1 2390016
1 2390528
1 2391040
1 2391552
1 2392064
1 2392576
1 2393088
1 2393600
1 2394112
1 2394624
1 2395136
1 2395648
1 2396160
1 2396672
1 2397184
1 2397696
1 2398208
1 2398720
1 2399232
1 2399744
1 2400256
1 2400768
1 2401280
1 2401792
1 2402304
1 2402816
1 2403328
1 2403840
1 2404352
1 2404864
1 2405376
1 2405888
1 2406400
1 2406912
1 2407424
1 2407936
1 2408448
1 2408960
1 2409472
1 2409984
1 2410496
1 2411008
1 2411520
1 2412032
1 2412544
1 2413056
1 2413568
1 2414080
1 2414592
1 2415104
1 2415616
1 2416128
1 2416640
1 2417152
1 2417664
1 2418176
1 2418688
1 2419200
1 2419712
1 2420224
1 2420736
1 2421248
1 2421760
1 2422272
1 2422784
1 2423296
1 2423808
1 2424320
1 2424832
1 2425344
1 2425856
1 2426368
1 2426880
1 2427392
1 2427904
1 2428416
1 2428928
1 2429440
1 2429952
1 2430464
1 2430976
1 2431488
1 2432000
1 2432512
1 2433024
1 2433536
1 2434048
1 2434560
1 2435072
1 2435584
1 2436096
1 2436608
1 2437120
1 2437632
1 2438144
1 2438656
1 2439168
1 2439680
1 2440192
1 2440704
1 2441216
1 2441728
1 2442240
1 2442752
1 2443264
1 2443776
1 2444288
1 2444800
1 2445312
1 2445824
1 2446336
1 2446848
1 2447360
1 2447872
1 2448384
1 2448896
1 2449408
1 2449920
1 2450432
1 2450944
1 2451456
1 2451968
1 2452480
1 2452992
1 2453504
1 2454016
1 2454528
1 2455040
1 2455552
1 2456064
1 2456576
1 2457088
1 2457600
1 2458112
1 2458624
1 2459136
1 2459648
1 2460160
1 2460672
1 2461184
1 2461696
1 2462208
1 2462720
1 2463232
1 2463744
1 2464256
1 2464768
1 2465280
1 2465792
1 2466304
1 2466816
1 2467328
1 2467840
1 2468352
1 2468864
1 2469376
1 2469888
1 2470400
1 2470912
1 2471424
1 2471936
1 2472448
1 2472960
1 2473472
1 2473984
1 2474496
1 2475008
1 2475520
1 2476032
1 2476544
1 2477056
1 2477568
1 2478080
1 2478592
1 2479104
1 2479616
1 2480128
1 2480640
1 2481152
1 2481664
1 2482176
1 2482688
1 2483200
1 2483712
1 2484224
1 2484736
1 2485248
1 2485760
1 2486272
1 2486784
1 2487296
1 2487808
1 2488320
1 2488832
1 2489344
1 2489856
1 2490368
1 2490880
1 2491392
1 2491904
1 2492416
1 2492928
1 2493440
1 2493952
1 2494464
1 2494976
1 2495488
1 2496000
1 2496512
1 2497024
1 2497536
1 2498048
1 2498560
1 2499072
1 2499584
1 2500096
1 2500608
1 2501120
1 2501632
1 2502144
1 2502656
1 2503168
1 2503680
1 2504192
1 2504704
1 2505216
1 2505728
1 2506240
1 2506752
1 2507264
1 2507776
1 2508288
1 2508800
1 2509312
1 2509824
1 2510336
1 2510848
1 2511360
1 2511872
1 2512384
1 2512896
1 2513408
1 2513920
1 2514432
1 2514944
1 2515456
1 2515968
1 2516480
1 2516992
1 2517504
1 2518016
1 2518528
1 2519040
1 2519552
1 2520064
1 2520576
1 2521088
1 2521600
1 2522112
1 2522624
1 2523136
1 2523648
1 2524160
1 2524672
1 2525184
1 2525696
1 2526208
1 2526720
1 2527232
1 2527744
1 2528256
1 2528768
1 2529280
1 2529792
1 2530304
1 2530816
1 2531328
1 2531840
1 2532352
1 2532864
1 2533376
1 2533888
1 2534400
1 2534912
1 2535424
1 2535936
1 2536448
1 2536960
1 2537472
1 2537984
1 2538496
1 2539008
1 2539520
1 2540032
1 2540544
1 2541056
1 2541568
1 2542080
1 2542592
1 2543104
1 2543616
1 2544128
1 2544640
1 2545152
1 2545664
1 2546176
1 2546688
1 2547200
1 2547712
1 2548224
1 2548736
1 2549248
1 2549760
1 2550272
1 2550784
1 2551296
1 2551808
1 2552320
1 2552832
1 2553344
1 2553856
1 2554368
1 2554880
1 2555392
1 2555904
1 2556416
1 2556928
1 2557440
1 2557952
1 2558464
1 2558976
1 2559488
1 2560000
1 2560512
1 2561024
1 2561536
1 2562048
1 2562560
1 2563072
1 2563584
1 2564096
1 2564608
1 2565120
1 2565632
1 2566144
1 2566656
1 2567168
1 2567680
1 2568192
1 2568704
1 2569216
1 2569728
1 2570240
1 2570752
1 2571264
1 2571776
1 2572288
1 2572800
1 2573312
1 2573824
1 2574336
1 2574848
1 2575360
1 2575872
1 2576384
1 2576896
1 2577408
1 2577920
1 2578432
1 2578944
1 2579456
1 2579968
1 2580480
1 2580992
1 2581504
1 2582016
1 2582528
1 2583040
1 2583552
1 2584064
1 2584576
1 2585088
1 2585600
1 2586112
1 2586624
1 2587136
1 2587648
1 2588160
1 2588672
1 2589184
1 2589696
1 2590208
1 2590720
1 2591232
1 2591744
1 2592256
1 2592768
1 2593280
1 2593792
1 2594304
1 2594816
1 2595328
1 2595840
1 2596352
1 2596864
1 2597376
1 2597888
1 2598400
1 2598912
1 2599424
1 2599936
1 2600448
1 2600960
1 2601472
1 2601984
1 2602496
1 2603008
1 2603520
1 2604032
1 2604544
1 2605056
1 2605568
1 2606080
1 2606592
1 2607104
1 2607616
1 2608128
1 2608640
1 2609152
1 2609664
1 2610176
1 2610688
1 2611200
1 2611712
1 2612224
1 2612736
1 2613248
1 2613760
1 2614272
1 2614784
1 2615296
1 2615808
1 2616320
1 2616832
1 2617344
1 2617856
1 2618368
1 2618880
1 2619392
1 2619904
1 2620416
1 2620928
1 2621440
1 2621952
1 2622464
1 2622976
1 2623488
1 2624000
1 2624512
1 2625024
1 2625536
1 2626048
1 2626560
1 2627072
1 2627584
1 2628096
1 2628608
1 2629120
1 2629632
1 2630144
1 2630656
1 2631168
1 2631680
1 2632192
1 2632704
1 2633216
1 2633728
1 2634240
1 2634752
1 2635264
1 2635776
1 2636288
1 2636800
1 2637312
1 2637824
1 2638336
1 2638848
1 2639360
1 2639872
1 2640384
1 2640896
1 2641408
1 2641920
1 2642432
1 2642944
1 2643456
1 2643968
1 2644480
1 2644992
1 2645504
1 2646016
1 2646528
1 2647040
1 2647552
1 2648064
1 2648576
1 2649088
1 2649600
1 2650112
1 2650624
1 2651136
1 2651648
1 2652160
1 2652672
1 2653184
1 2653696
1 2654208
1 2654720
1 2655232
1 2655744
1 2656256
1 2656768
1 2657280
1 2657792
1 2658304
1 2658816
1 2659328
1 2659840
1 2660352
1 2660864
1 2661376
1 2661888
1 2662400
1 2662912
1 2663424
1 2663936
1 2664448
1 2664960
1 2665472
1 2665984
1 2666496
1 2667008
1 2667520
1 2668032
1 2668544
1 2669056
1 2669568
1 2670080
1 2670592
1 2671104
1 2671616
1 2672128
1 2672640
1 2673152
1 2673664
1 2674176
1 2674688
1 2675200
1 2675712
1 2676224
1 2676736
1 2677248
1 2677760
1 2678272
1 2678784
1 2679296
1 2679808
1 2680320
1 2680832
1 2681344
1 2681856
1 2682368
1 2682880
1 2683392
1 2683904
1 2684416
1 2684928
1 2685440
1 2685952
1 2686464
1 2686976
1 2687488
1 2688000
1 2688512
1 2689024
1 2689536
1 2690048
1 2690560
1 2691072
1 2691584
1 2692096
1 2692608
1 2693120
1 2693632
1 2694144
1 2694656
1 2695168
1 2695680
1 2696192
1 2696704
1 2697216
1 2697728
1 2698240
1 2698752
1 2699264
1 2699776
1 2700288
1 2700800
1 2701312
1 2701824
1 2702336
1 2702848
1 2703360
1 2703872
1 2704384
1 2704896
1 2705408
1 2705920
1 2706432
1 2706944
1 2707456
1 2707968
1 2708480
1 2708992
1 2709504
1 2710016
1 2710528
1 2711040
1 2711552
1 2712064
1 2712576
1 2713088
1 2713600
1 2714112
1 2714624
1 2715136
1 2715648
1 2716160
1 2716672
1 2717184
1 2717696
1 2718208
1 2718720
1 2719232
1 2719744
1 2720256
1 2720768
1 2721280
1 2721792
1 2722304
1 2722816
1 2723328
1 2723840
1 2724352
1 2724864
1 2725376
1 2725888
1 2726400
1 2726912
1 2727424
1 2727936
1 2728448
1 2728960
1 2729472
1 2729984
1 2730496
1 2731008
1 2731520
1 2732032
1 2732544
1 2733056
1 2733568
1 2734080
1 2734592
1 2735104
1 2735616
1 2736128
1 2736640
1 2737152
1 2737664
1 2738176
1 2738688
1 2739200
1 2739712
1 2740224
1 2740736
1 2741248
1 2741760
1 2742272
1 2742784
1 2743296
1 2743808
1 2744320
1 2744832
1 2745344
1 2745856
1 2746368
1 2746880
1 2747392
1 2747904
1 2748416
1 2748928
1 2749440
1 2749952
1 2750464
1 2750976
1 2751488
1 2752000
1 2752512
1 2753024
1 2753536
1 2754048
1 2754560
1 2755072
1 2755584
1 2756096
1 2756608
1 2757120
1 2757632
1 2758144
1 2758656
1 2759168
1 2759680
1 2760192
1 2760704
1 2761216
1 2761728
1 2762240
1 2762752
1 2763264
1 2763776
1 2764288
1 2764800
1 2765312
1 2765824
1 2766336
1 2766848
1 2767360
1 2767872
1 2768384
1 2768896
1 2769408
1 2769920
1 2770432
1 2770944
1 2771456
1 2771968
1 2772480
1 2772992
1 2773504
1 2774016
1 2774528
1 2775040
1 2775552
1 2776064
1 2776576
1 2777088
1 2777600
1 2778112
1 2778624
1 2779136
1 2779648
1 2780160
1 2780672
1 2781184
1 2781696
1 2782208
1 2782720
1 2783232
1 2783744
1 2784256
1 2784768
1 2785280
1 2785792
1 2786304
1 2786816
1 2787328
1 2787840
1 2788352
1 2788864
1 2789376
1 2789888
1 2790400
1 2790912
1 2791424
1 2791936
1 2792448
1 2792960
1 2793472
1 2793984
1 2794496
1 2795008
1 2795520
1 2796032
1 2796544
1 2797056
1 2797568
1 2798080
1 2798592
1 2799104
1 2799616
1 2800128
1 2800640
1 2801152
1 2801664
1 2802176
1 2802688
1 2803200
1 2803712
1 2804224
1 2804736
1 2805248
1 2805760
1 2806272
1 2806784
1 2807296
1 2807808
1 2808320
1 2808832
1 2809344
1 2809856
1 2810368
1 2810880
1 2811392
1 2811904
1 2812416
1 2812928
1 2813440
1 2813952
1 2814464
1 2814976
1 2815488
1 2816000
1 2816512
1 2817024
1 2817536
1 2818048
1 2818560
1 2819072
1 2819584
1 2820096
1 2820608
1 2821120
1 2821632
1 2822144
1 2822656
1 2823168
1 2823680
1 2824192
1 2824704
1 2825216
1 2825728
1 2826240
1 2826752
1 2827264
1 2827776
1 2828288
1 2828800
1 2829312
1 2829824
1 2830336
1 2830848
1 2831360
1 2831872
1 2832384
1 2832896
1 2833408
1 2833920
1 2834432
1 2834944
1 2835456
1 2835968
1 2836480
1 2836992
1 2837504
1 2838016
1 2838528
1 2839040
1 2839552
1 2840064
1 2840576
1 2841088
1 2841600
1 2842112
1 2842624
1 2843136
1 2843648
1 2844160
1 2844672
1 2845184
1 2845696
1 2846208
1 2846720
1 2847232
1 2847744
1 2848256
1 2848768
1 2849280
1 2849792
1 2850304
1 2850816
1 2851328
1 2851840
1 2852352
1 2852864
1 2853376
1 2853888
1 2854400
1 2854912
1 2855424
1 2855936
1 2856448
1 2856960
1 2857472
1 2857984
1 2858496
1 2859008
1 2859520
1 2860032
1 2860544
1 2861056
1 2861568
1 2862080
1 2862592
1 2863104
1 2863616
1 2864128
1 2864640
1 2865152
1 2865664
1 2866176
1 2866688
1 2867200
1 2867712
1 2868224
1 2868736
1 2869248
1 2869760
1 2870272
1 2870784
1 2871296
1 2871808
1 2872320
1 2872832
1 2873344
1 2873856
1 2874368
1 2874880
1 2875392
1 2875904
1 2876416
1 2876928
1 2877440
1 2877952
1 2878464
1 2878976
1 2879488
1 2880000
1 2880512
1 2881024
1 2881536
1 2882048
1 2882560
1 2883072
1 2883584
1 2884096
1 2884608
1 2885120
1 2885632
1 2886144
1 2886656
1 2887168
1 2887680
1 2888192
1 2888704
1 2889216
1 2889728
1 2890240
1 2890752
1 2891264
1 2891776
1 2892288
1 2892800
1 2893312
1 2893824
1 2894336
1 2894848
1 2895360
1 2895872
1 2896384
1 2896896
1 2897408
1 2897920
1 2898432
1 2898944
1 2899456
1 2899968
1 2900480
1 2900992
1 2901504
1 2902016
1 2902528
1 2903040
1 2903552
1 2904064
1 2904576
1 2905088
1 2905600
1 2906112
1 2906624
1 2907136
1 2907648
1 2908160
1 2908672
1 2909184
1 2909696
1 2910208
1 2910720
1 2911232
1 2911744
1 2912256
1 2912768
1 2913280
1 2913792
1 2914304
1 2914816
1 2915328
1 2915840
1 2916352
1 2916864
1 2917376
1 2917888
1 2918400
1 2918912
1 2919424
1 2919936
1 2920448
1 2920960
1 2921472
1 2921984
1 2922496
1 2923008
1 2923520
1 2924032
1 2924544
1 2925056
1 2925568
1 2926080
1 2926592
1 2927104
1 2927616
1 2928128
1 2928640
1 2929152
1 2929664
1 2930176
1 2930688
1 2931200
1 2931712
1 2932224
1 2932736
1 2933248
1 2933760
1 2934272
1 2934784
1 2935296
1 2935808
1 2936320
1 2936832
1 2937344
1 2937856
1 2938368
1 2938880
1 2939392
1 2939904
1 2940416
1 2940928
1 2941440
1 2941952
1 2942464
1 2942976
1 2943488
1 2944000
1 2944512
1 2945024
1 2945536
1 2946048
1 2946560
1 2947072
1 2947584
1 2948096
1 2948608
1 2949120
1 2949632
1 2950144
1 2950656
1 2951168
1 2951680
1 2952192
1 2952704
1 2953216
1 2953728
1 2954240
1 2954752
1 2955264
1 2955776
1 2956288
1 2956800
1 2957312
1 2957824
1 2958336
1 2958848
1 2959360
1 2959872
1 2960384
1 2960896
1 2961408
1 2961920
1 2962432
1 2962944
1 2963456
1 2963968
1 2964480
1 2964992
1 2965504
1 2966016
1 2966528
1 2967040
1 2967552
1 2968064
1 2968576
1 2969088
1 2969600
1 2970112
1 2970624
1 2971136
1 2971648
1 2972160
1 2972672
1 2973184
1 2973696
1 2974208
1 2974720
1 2975232
1 2975744
1 2976256
1 2976768
1 2977280
1 2977792
1 2978304
1 2978816
1 2979328
1 2979840
1 2980352
1 2980864
1 2981376
1 2981888
1 2982400
1 2982912
1 2983424
1 2983936
1 2984448
1 2984960
1 2985472
1 2985984
1 2986496
1 2987008
1 2987520
1 2988032
1 2988544
1 2989056
1 2989568
1 2990080
1 2990592
1 2991104
1 2991616
1 2992128
1 2992640
1 2993152
1 2993664
1 2994176
1 2994688
1 2995200
1 2995712
1 2996224
1 2996736
1 2997248
1 2997760
1 2998272
1 2998784
1 2999296
1 2999808
1 3000320
1 3000832
1 3001344
1 3001856
1 3002368
1 3002880
1 3003392
1 3003904
1 3004416
1 3004928
1 3005440
1 3005952
1 3006464
1 3006976
1 3007488
1 3008000
1 3008512
1 3009024
1 3009536
1 3010048
1 3010560
1 3011072
1 3011584
1 3012096
1 3012608
1 3013120
1 3013632
1 3014144
1 3014656
1 3015168
1 3015680
1 3016192
1 3016704
1 3017216
1 3017728
1 3018240
1 3018752
1 3019264
1 3019776
1 3020288
1 3020800
1 3021312
1 3021824
1 3022336
1 3022848
1 3023360
1 3023872
1 3024384
1 3024896
1 3025408
1 3025920
1 3026432
1 3026944
1 3027456
1 3027968
1 3028480
1 3028992
1 3029504
1 3030016
1 3030528
1 3031040
1 3031552
1 3032064
1 3032576
1 3033088
1 3033600
1 3034112
1 3034624
1 3035136
1 3035648
1 3036160
1 3036672
1 3037184
1 3037696
1 3038208
1 3038720
1 3039232
1 3039744
1 3040256
1 3040768
1 3041280
1 3041792
1 3042304
1 3042816
1 3043328
1 3043840
1 3044352
1 3044864
1 3045376
1 3045888
1 3046400
1 3046912
1 3047424
1 3047936
1 3048448
1 3048960
1 3049472
1 3049984
1 3050496
1 3051008
1 3051520
1 3052032
1 3052544
1 3053056
1 3053568
1 3054080
1 3054592
1 3055104
1 3055616
1 3056128
1 3056640
1 3057152
1 3057664
1 3058176
1 3058688
1 3059200
1 3059712
1 3060224
1 3060736
1 3061248
1 3061760
1 3062272
1 3062784
1 3063296
1 3063808
1 3064320
1 3064832
1 3065344
1 3065856
1 3066368
1 3066880
1 3067392
1 3067904
1 3068416
1 3068928
1 3069440
1 3069952
1 3070464
1 3070976
1 3071488
1 3072000
1 3072512
1 3073024
1 3073536
1 3074048
1 3074560
1 3075072
1 3075584
1 3076096
1 3076608
1 3077120
1 3077632
1 3078144
1 3078656
1 3079168
1 3079680
1 3080192
1 3080704
1 3081216
1 3081728
1 3082240
1 3082752
1 3083264
1 3083776
1 3084288
1 3084800
1 3085312
1 3085824
1 3086336
1 3086848
1 3087360
1 3087872
1 3088384
1 3088896
1 3089408
1 3089920
1 3090432
1 3090944
1 3091456
1 3091968
1 3092480
1 3092992
1 3093504
1 3094016
1 3094528
1 3095040
1 3095552
1 3096064
1 3096576
1 3097088
1 3097600
1 3098112
1 3098624
1 3099136
1 3099648
1 3100160
1 3100672
1 3101184
1 3101696
1 3102208
1 3102720
1 3103232
1 3103744
1 3104256
1 3104768
1 3105280
1 3105792
1 3106304
1 3106816
1 3107328
1 3107840
1 3108352
1 3108864
1 3109376
1 3109888
1 3110400
1 3110912
1 3111424
1 3111936
1 3112448
1 3112960
1 3113472
1 3113984
1 3114496
1 3115008
1 3115520
1 3116032
1 3116544
1 3117056
1 3117568
1 3118080
1 3118592
1 3119104
1 3119616
1 3120128
1 3120640
1 3121152
1 3121664
1 3122176
1 3122688
1 3123200
1 3123712
1 3124224
1 3124736
1 3125248
1 3125760
1 3126272
1 3126784
1 3127296
1 3127808
1 3128320
1 3128832
1 3129344
1 3129856
1 3130368
1 3130880
1 3131392
1 3131904
1 3132416
1 3132928
1 3133440
1 3133952
1 3134464
1 3134976
1 3135488
1 3136000
1 3136512
1 3137024
1 3137536
1 3138048
1 3138560
1 3139072
1 3139584
1 3140096
1 3140608
1 3141120
1 3141632
1 3142144
1 3142656
1 3143168
1 3143680
1 3144192
1 3144704
1 3145216
1 3145728
1 3146240
1 3146752
1 3147264
1 3147776
1 3148288
1 3148800
1 3149312
1 3149824
1 3150336
1 3150848
1 3151360
1 3151872
1 3152384
1 3152896
1 3153408
1 3153920
1 3154432
1 3154944
1 3155456
1 3155968
1 3156480
1 3156992
1 3157504
1 3158016
1 3158528
1 3159040
1 3159552
1 3160064
1 3160576
1 3161088
1 3161600
1 3162112
1 3162624
1 3163136
1 3163648
1 3164160
1 3164672
1 3165184
1 3165696
1 3166208
1 3166720
1 3167232
1 3167744
1 3168256
1 3168768
1 3169280
1 3169792
1 3170304
1 3170816
1 3171328
1 3171840
1 3172352
1 3172864
1 3173376
1 3173888
1 3174400
1 3174912
1 3175424
1 3175936
1 3176448
1 3176960
1 3177472
1 3177984
1 3178496
1 3179008
1 3179520
1 3180032
1 3180544
1 3181056
1 3181568
1 3182080
1 3182592
1 3183104
1 3183616
1 3184128
1 3184640
1 3185152
1 3185664
1 3186176
1 3186688
1 3187200
1 3187712
1 3188224
1 3188736
1 3189248
1 3189760
1 3190272
1 3190784
1 3191296
1 3191808
1 3192320
1 3192832
1 3193344
1 3193856
1 3194368
1 3194880
1 3195392
1 3195904
1 3196416
1 3196928
1 3197440
1 3197952
1 3198464
1 3198976
1 3199488
1 3200000
1 3200512
1 3201024
1 3201536
1 3202048
1 3202560
1 3203072
1 3203584
1 3204096
1 3204608
1 3205120
1 3205632
1 3206144
1 3206656
1 3207168
1 3207680
1 3208192
1 3208704
1 3209216
1 3209728
1 3210240
1 3210752
1 3211264
1 3211776
1 3212288
1 3212800
1 3213312
1 3213824
1 3214336
1 3214848
1 3215360
1 3215872
1 3216384
1 3216896
1 3217408
1 3217920
1 3218432
1 3218944
1 3219456
1 3219968
1 3220480
1 3220992
1 3221504
1 3222016
1 3222528
1 3223040
1 3223552
1 3224064
1 3224576
1 3225088
1 3225600
1 3226112
1 3226624
1 3227136
1 3227648
1 3228160
1 3228672
1 3229184
1 3229696
1 3230208
1 3230720
1 3231232
1 3231744
1 3232256
1 3232768
1 3233280
1 3233792
1 3234304
1 3234816
1 3235328
1 3235840
1 3236352
1 3236864
1 3237376
1 3237888
1 3238400
1 3238912
1 3239424
1 3239936
1 3240448
1 3240960
1 3241472
1 3241984
1 3242496
1 3243008
1 3243520
1 3244032
1 3244544
1 3245056
1 3245568
1 3246080
1 3246592
1 3247104
1 3247616
1 3248128
1 3248640
1 3249152
1 3249664
1 3250176
1 3250688
1 3251200
1 3251712
1 3252224
1 3252736
1 3253248
1 3253760
1 3254272
1 3254784
1 3255296
1 3255808
1 3256320
1 3256832
1 3257344
1 3257856
1 3258368
1 3258880
1 3259392
1 3259904
1 3260416
1 3260928
1 3261440
1 3261952
1 3262464
1 3262976
1 3263488
1 3264000
1 3264512
1 3265024
1 3265536
1 3266048
1 3266560
1 3267072
1 3267584
1 3268096
1 3268608
1 3269120
1 3269632
1 3270144
1 3270656
1 3271168
1 3271680
1 3272192
1 3272704
1 3273216
1 3273728
1 3274240
1 3274752
1 3275264
1 3275776
1 3276288
1 3276800
1 3277312
1 3277824
1 3278336
1 3278848
1 3279360
1 3279872
1 3280384
1 3280896
1 3281408
1 3281920
1 3282432
1 3282944
1 3283456
1 3283968
1 3284480
1 3284992
1 3285504
1 3286016
1 3286528
1 3287040
1 3287552
1 3288064
1 3288576
1 3289088
1 3289600
1 3290112
1 3290624
1 3291136
1 3291648
1 3292160
1 3292672
1 3293184
1 3293696
1 3294208
1 3294720
1 3295232
1 3295744
1 3296256
1 3296768
1 3297280
1 3297792
1 3298304
1 3298816
1 3299328
1 3299840
1 3300352
1 3300864
1 3301376
1 3301888
1 3302400
1 3302912
1 3303424
1 3303936
1 3304448
1 3304960
1 3305472
1 3305984
1 3306496
1 3307008
1 3307520
1 3308032
1 3308544
1 3309056
1 3309568
1 3310080
1 3310592
1 3311104
1 3311616
1 3312128
1 3312640
1 3313152
1 3313664
1 3314176
1 3314688
1 3315200
1 3315712
1 3316224
1 3316736
1 3317248
1 3317760
1 3318272
1 3318784
1 3319296
1 3319808
1 3320320
1 3320832
1 3321344
1 3321856
1 3322368
1 3322880
1 3323392
1 3323904
1 3324416
1 3324928
1 3325440
1 3325952
1 3326464
1 3326976
1 3327488
1 3328000
1 3328512
1 3329024
1 3329536
1 3330048
1 3330560
1 3331072
1 3331584
1 3332096
1 3332608
1 3333120
1 3333632
1 3334144
1 3334656
1 3335168
1 3335680
1 3336192
1 3336704
1 3337216
1 3337728
1 3338240
1 3338752
1 3339264
1 3339776
1 3340288
1 3340800
1 3341312
1 3341824
1 3342336
1 3342848
1 3343360
1 3343872
1 3344384
1 3344896
1 3345408
1 3345920
1 3346432
1 3346944
1 3347456
1 3347968
1 3348480
1 3348992
1 3349504
1 3350016
1 3350528
1 3351040
1 3351552
1 3352064
1 3352576
1 3353088
1 3353600
1 3354112
1 3354624
1 3355136
1 3355648
1 3356160
1 3356672
1 3357184
1 3357696
1 3358208
1 3358720
1 3359232
1 3359744
1 3360256
1 3360768
1 3361280
1 3361792
1 3362304
1 3362816
1 3363328
1 3363840
1 3364352
1 3364864
1 3365376
1 3365888
1 3366400
1 3366912
1 3367424
1 3367936
1 3368448
1 3368960
1 3369472
1 3369984
1 3370496
1 3371008
1 3371520
1 3372032
1 3372544
1 3373056
1 3373568
1 3374080
1 3374592
1 3375104
1 3375616
1 3376128
1 3376640
1 3377152
1 3377664
1 3378176
1 3378688
1 3379200
1 3379712
1 3380224
1 3380736
1 3381248
1 3381760
1 3382272
1 3382784
1 3383296
1 3383808
1 3384320
1 3384832
1 3385344
1 3385856
1 3386368
1 3386880
1 3387392
1 3387904
1 3388416
1 3388928
1 3389440
1 3389952
1 3390464
1 3390976
1 3391488
1 3392000
1 3392512
1 3393024
1 3393536
1 3394048
1 3394560
1 3395072
1 3395584
1 3396096
1 3396608
1 3397120
1 3397632
1 3398144
1 3398656
1 3399168
1 3399680
1 3400192
1 3400704
1 3401216
1 3401728
1 3402240
1 3402752
1 3403264
1 3403776
1 3404288
1 3404800
1 3405312
1 3405824
1 3406336
1 3406848
1 3407360
1 3407872
1 3408384
1 3408896
1 3409408
1 3409920
1 3410432
1 3410944
1 3411456
1 3411968
1 3412480
1 3412992
1 3413504
1 3414016
1 3414528
1 3415040
1 3415552
1 3416064
1 3416576
1 3417088
1 3417600
1 3418112
1 3418624
1 3419136
1 3419648
1 3420160
1 3420672
1 3421184
1 3421696
1 3422208
1 3422720
1 3423232
1 3423744
1 3424256
1 3424768
1 3425280
1 3425792
1 3426304
1 3426816
1 3427328
1 3427840
1 3428352
1 3428864
1 3429376
1 3429888
1 3430400
1 3430912
1 3431424
1 3431936
1 3432448
1 3432960
1 3433472
1 3433984
1 3434496
1 3435008
1 3435520
1 3436032
1 3436544
1 3437056
1 3437568
1 3438080
1 3438592
1 3439104
1 3439616
1 3440128
1 3440640
1 3441152
1 3441664
1 3442176
1 3442688
1 3443200
1 3443712
1 3444224
1 3444736
1 3445248
1 3445760
1 3446272
1 3446784
1 3447296
1 3447808
1 3448320
1 3448832
1 3449344
1 3449856
1 3450368
1 3450880
1 3451392
1 3451904
1 3452416
1 3452928
1 3453440
1 3453952
1 3454464
1 3454976
1 3455488
1 3456000
1 3456512
1 3457024
1 3457536
1 3458048
1 3458560
1 3459072
1 3459584
1 3460096
1 3460608
1 3461120
1 3461632
1 3462144
1 3462656
1 3463168
1 3463680
1 3464192
1 3464704
1 3465216
1 3465728
1 3466240
1 3466752
1 3467264
1 3467776
1 3468288
1 3468800
1 3469312
1 3469824
1 3470336
1 3470848
1 3471360
1 3471872
1 3472384
1 3472896
1 3473408
1 3473920
1 3474432
1 3474944
1 3475456
1 3475968
1 3476480
1 3476992
1 3477504
1 3478016
1 3478528
1 3479040
1 3479552
1 3480064
1 3480576
1 3481088
1 3481600
1 3482112
1 3482624
1 3483136
1 3483648
1 3484160
1 3484672
1 3485184
1 3485696
1 3486208
1 3486720
1 3487232
1 3487744
1 3488256
1 3488768
1 3489280
1 3489792
1 3490304
1 3490816
1 3491328
1 3491840
1 3492352
1 3492864
1 3493376
1 3493888
1 3494400
1 3494912
1 3495424
1 3495936
1 3496448
1 3496960
1 3497472
1 3497984
1 3498496
1 3499008
1 3499520
1 3500032
1 3500544
1 3501056
1 3501568
1 3502080
1 3502592
1 3503104
1 3503616
1 3504128
1 3504640
1 3505152
1 3505664
1 3506176
1 3506688
1 3507200
1 3507712
1 3508224
1 3508736
1 3509248
1 3509760
1 3510272
1 3510784
1 3511296
1 3511808
1 3512320
1 3512832
1 3513344
1 3513856
1 3514368
1 3514880
1 3515392
1 3515904
1 3516416
1 3516928
1 3517440
1 3517952
1 3518464
1 3518976
1 3519488
1 3520000
1 3520512
1 3521024
1 3521536
1 3522048
1 3522560
1 3523072
1 3523584
1 3524096
1 3524608
1 3525120
1 3525632
1 3526144
1 3526656
1 3527168
1 3527680
1 3528192
1 3528704
1 3529216
1 3529728
1 3530240
1 3530752
1 3531264
1 3531776
1 3532288
1 3532800
1 3533312
1 3533824
1 3534336
1 3534848
1 3535360
1 3535872
1 3536384
1 3536896
1 3537408
1 3537920
1 3538432
1 3538944
1 3539456
1 3539968
1 3540480
1 3540992
1 3541504
1 3542016
1 3542528
1 3543040
1 3543552
1 3544064
1 3544576
1 3545088
1 3545600
1 3546112
1 3546624
1 3547136
1 3547648
1 3548160
1 3548672
1 3549184
1 3549696
1 3550208
1 3550720
1 3551232
1 3551744
1 3552256
1 3552768
1 3553280
1 3553792
1 3554304
1 3554816
1 3555328
1 3555840
1 3556352
1 3556864
1 3557376
1 3557888
1 3558400
1 3558912
1 3559424
1 3559936
1 3560448
1 3560960
1 3561472
1 3561984
1 3562496
1 3563008
1 3563520
1 3564032
1 3564544
1 3565056
1 3565568
1 3566080
1 3566592
1 3567104
1 3567616
1 3568128
1 3568640
1 3569152
1 3569664
1 3570176
1 3570688
1 3571200
1 3571712
1 3572224
1 3572736
1 3573248
1 3573760
1 3574272
1 3574784
1 3575296
1 3575808
1 3576320
1 3576832
1 3577344
1 3577856
1 3578368
1 3578880
1 3579392
1 3579904
1 3580416
1 3580928
1 3581440
1 3581952
1 3582464
1 3582976
1 3583488
1 3584000
1 3584512
1 3585024
1 3585536
1 3586048
1 3586560
1 3587072
1 3587584
1 3588096
1 3588608
1 3589120
1 3589632
1 3590144
1 3590656
1 3591168
1 3591680
1 3592192
1 3592704
1 3593216
1 3593728
1 3594240
1 3594752
1 3595264
1 3595776
1 3596288
1 3596800
1 3597312
1 3597824
1 3598336
1 3598848
1 3599360
1 3599872
1 3600384
1 3600896
1 3601408
1 3601920
1 3602432
1 3602944
1 3603456
1 3603968
1 3604480
1 3604992
1 3605504
1 3606016
1 3606528
1 3607040
1 3607552
1 3608064
1 3608576
1 3609088
1 3609600
1 3610112
1 3610624
1 3611136
1 3611648
1 3612160
1 3612672
1 3613184
1 3613696
1 3614208
1 3614720
1 3615232
1 3615744
1 3616256
1 3616768
1 3617280
1 3617792
1 3618304
1 3618816
1 3619328
1 3619840
1 3620352
1 3620864
1 3621376
1 3621888
1 3622400
1 3622912
1 3623424
1 3623936
1 3624448
1 3624960
1 3625472
1 3625984
1 3626496
1 3627008
1 3627520
1 3628032
1 3628544
1 3629056
1 3629568
1 3630080
1 3630592
1 3631104
1 3631616
1 3632128
1 3632640
1 3633152
1 3633664
1 3634176
1 3634688
1 3635200
1 3635712
1 3636224
1 3636736
1 3637248
1 3637760
1 3638272
1 3638784
1 3639296
1 3639808
1 3640320
1 3640832
1 3641344
1 3641856
1 3642368
1 3642880
1 3643392
1 3643904
1 3644416
1 3644928
1 3645440
1 3645952
1 3646464
1 3646976
1 3647488
1 3648000
1 3648512
1 3649024
1 3649536
1 3650048
1 3650560
1 3651072
1 3651584
1 3652096
1 3652608
1 3653120
1 3653632
1 3654144
1 3654656
1 3655168
1 3655680
1 3656192
1 3656704
1 3657216
1 3657728
1 3658240
1 3658752
1 3659264
1 3659776
1 3660288
1 3660800
1 3661312
1 3661824
1 3662336
1 3662848
1 3663360
1 3663872
1 3664384
1 3664896
1 3665408
1 3665920
1 3666432
1 3666944
1 3667456
1 3667968
1 3668480
1 3668992
1 3669504
1 3670016
1 3670528
1 3671040
1 3671552
1 3672064
1 3672576
1 3673088
1 3673600
1 3674112
1 3674624
1 3675136
1 3675648
1 3676160
1 3676672
1 3677184
1 3677696
1 3678208
1 3678720
1 3679232
1 3679744
1 3680256
1 3680768
1 3681280
1 3681792
1 3682304
1 3682816
1 3683328
1 3683840
1 3684352
1 3684864
1 3685376
1 3685888
1 3686400
1 3686912
1 3687424
1 3687936
1 3688448
1 3688960
1 3689472
1 3689984
1 3690496
1 3691008
1 3691520
1 3692032
1 3692544
1 3693056
1 3693568
1 3694080
1 3694592
1 3695104
1 3695616
1 3696128
1 3696640
1 3697152
1 3697664
1 3698176
1 3698688
1 3699200
1 3699712
1 3700224
1 3700736
1 3701248
1 3701760
1 3702272
1 3702784
1 3703296
1 3703808
1 3704320
1 3704832
1 3705344
1 3705856
1 3706368
1 3706880
1 3707392
1 3707904
1 3708416
1 3708928
1 3709440
1 3709952
1 3710464
1 3710976
1 3711488
1 3712000
1 3712512
1 3713024
1 3713536
1 3714048
1 3714560
1 3715072
1 3715584
1 3716096
1 3716608
1 3717120
1 3717632
1 3718144
1 3718656
1 3719168
1 3719680
1 3720192
1 3720704
1 3721216
1 3721728
1 3722240
1 3722752
1 3723264
1 3723776
1 3724288
1 3724800
1 3725312
1 3725824
1 3726336
1 3726848
1 3727360
1 3727872
1 3728384
1 3728896
1 3729408
1 3729920
1 3730432
1 3730944
1 3731456
1 3731968
1 3732480
1 3732992
1 3733504
1 3734016
1 3734528
1 3735040
1 3735552
1 3736064
1 3736576
1 3737088
1 3737600
1 3738112
1 3738624
1 3739136
1 3739648
1 3740160
1 3740672
1 3741184
1 3741696
1 3742208
1 3742720
1 3743232
1 3743744
1 3744256
1 3744768
1 3745280
1 3745792
1 3746304
1 3746816
1 3747328
1 3747840
1 3748352
1 3748864
1 3749376
1 3749888
1 3750400
1 3750912
1 3751424
1 3751936
1 3752448
1 3752960
1 3753472
1 3753984
1 3754496
1 3755008
1 3755520
1 3756032
1 3756544
1 3757056
1 3757568
1 3758080
1 3758592
1 3759104
1 3759616
1 3760128
1 3760640
1 3761152
1 3761664
1 3762176
1 3762688
1 3763200
1 3763712
1 3764224
1 3764736
1 3765248
1 3765760
1 3766272
1 3766784
1 3767296
1 3767808
1 3768320
1 3768832
1 3769344
1 3769856
1 3770368
1 3770880
1 3771392
1 3771904
1 3772416
1 3772928
1 3773440
1 3773952
1 3774464
1 3774976
1 3775488
1 3776000
1 3776512
1 3777024
1 3777536
1 3778048
1 3778560
1 3779072
1 3779584
1 3780096
1 3780608
1 3781120
1 3781632
1 3782144
1 3782656
1 3783168
1 3783680
1 3784192
1 3784704
1 3785216
1 3785728
1 3786240
1 3786752
1 3787264
1 3787776
1 3788288
1 3788800
1 3789312
1 3789824
1 3790336
1 3790848
1 3791360
1 3791872
1 3792384
1 3792896
1 3793408
1 3793920
1 3794432
1 3794944
1 3795456
1 3795968
1 3796480
1 3796992
1 3797504
1 3798016
1 3798528
1 3799040
1 3799552
1 3800064
1 3800576
1 3801088
1 3801600
1 3802112
1 3802624
1 3803136
1 3803648
1 3804160
1 3804672
1 3805184
1 3805696
1 3806208
1 3806720
1 3807232
1 3807744
1 3808256
1 3808768
1 3809280
1 3809792
1 3810304
1 3810816
1 3811328
1 3811840
1 3812352
1 3812864
1 3813376
1 3813888
1 3814400
1 3814912
1 3815424
1 3815936
1 3816448
1 3816960
1 3817472
1 3817984
1 3818496
1 3819008
1 3819520
1 3820032
1 3820544
1 3821056
1 3821568
1 3822080
1 3822592
1 3823104
1 3823616
1 3824128
1 3824640
1 3825152
1 3825664
1 3826176
1 3826688
1 3827200
1 3827712
1 3828224
1 3828736
1 3829248
1 3829760
1 3830272
1 3830784
1 3831296
1 3831808
1 3832320
1 3832832
1 3833344
1 3833856
1 3834368
1 3834880
1 3835392
1 3835904
1 3836416
1 3836928
1 3837440
1 3837952
1 3838464
1 3838976
1 3839488
1 3840000
1 3840512
1 3841024
1 3841536
1 3842048
1 3842560
1 3843072
1 3843584
1 3844096
1 3844608
1 3845120
1 3845632
1 3846144
1 3846656
1 3847168
1 3847680
1 3848192
1 3848704
1 3849216
1 3849728
1 3850240
1 3850752
1 3851264
1 3851776
1 3852288
1 3852800
1 3853312
1 3853824
1 3854336
1 3854848
1 3855360
1 3855872
1 3856384
1 3856896
1 3857408
1 3857920
1 3858432
1 3858944
1 3859456
1 3859968
1 3860480
1 3860992
1 3861504
1 3862016
1 3862528
1 3863040
1 3863552
1 3864064
1 3864576
1 3865088
1 3865600
1 3866112
1 3866624
1 3867136
1 3867648
1 3868160
1 3868672
1 3869184
1 3869696
1 3870208
1 3870720
1 3871232
1 3871744
1 3872256
1 3872768
1 3873280
1 3873792
1 3874304
1 3874816
1 3875328
1 3875840
1 3876352
1 3876864
1 3877376
1 3877888
1 3878400
1 3878912
1 3879424
1 3879936
1 3880448
1 3880960
1 3881472
1 3881984
1 3882496
1 3883008
1 3883520
1 3884032
1 3884544
1 3885056
1 3885568
1 3886080
1 3886592
1 3887104
1 3887616
1 3888128
1 3888640
1 3889152
1 3889664
1 3890176
1 3890688
1 3891200
1 3891712
1 3892224
1 3892736
1 3893248
1 3893760
1 3894272
1 3894784
1 3895296
1 3895808
1 3896320
1 3896832
1 3897344
1 3897856
1 3898368
1 3898880
1 3899392
1 3899904
1 3900416
1 3900928
1 3901440
1 3901952
1 3902464
1 3902976
1 3903488
1 3904000
1 3904512
1 3905024
1 3905536
1 3906048
1 3906560
1 3907072
1 3907584
1 3908096
1 3908608
1 3909120
1 3909632
1 3910144
1 3910656
1 3911168
1 3911680
1 3912192
1 3912704
1 3913216
1 3913728
1 3914240
1 3914752
1 3915264
1 3915776
1 3916288
1 3916800
1 3917312
1 3917824
1 3918336
1 3918848
1 3919360
1 3919872
1 3920384
1 3920896
1 3921408
1 3921920
1 3922432
1 3922944
1 3923456
1 3923968
1 3924480
1 3924992
1 3925504
1 3926016
1 3926528
1 3927040
1 3927552
1 3928064
1 3928576
1 3929088
1 3929600
1 3930112
1 3930624
1 3931136
1 3931648
1 3932160
1 3932672
1 3933184
1 3933696
1 3934208
1 3934720
1 3935232
1 3935744
1 3936256
1 3936768
1 3937280
1 3937792
1 3938304
1 3938816
1 3939328
1 3939840
1 3940352
1 3940864
1 3941376
1 3941888
1 3942400
1 3942912
1 3943424
1 3943936
1 3944448
1 3944960
1 3945472
1 3945984
1 3946496
1 3947008
1 3947520
1 3948032
1 3948544
1 3949056
1 3949568
1 3950080
1 3950592
1 3951104
1 3951616
1 3952128
1 3952640
1 3953152
1 3953664
1 3954176
1 3954688
1 3955200
1 3955712
1 3956224
1 3956736
1 3957248
1 3957760
1 3958272
1 3958784
1 3959296
1 3959808
1 3960320
1 3960832
1 3961344
1 3961856
1 3962368
1 3962880
1 3963392
1 3963904
1 3964416
1 3964928
1 3965440
1 3965952
1 3966464
1 3966976
1 3967488
1 3968000
1 3968512
1 3969024
1 3969536
1 3970048
1 3970560
1 3971072
1 3971584
1 3972096
1 3972608
1 3973120
1 3973632
1 3974144
1 3974656
1 3975168
1 3975680
1 3976192
1 3976704
1 3977216
1 3977728
1 3978240
1 3978752
1 3979264
1 3979776
1 3980288
1 3980800
1 3981312
1 3981824
1 3982336
1 3982848
1 3983360
1 3983872
1 3984384
1 3984896
1 3985408
1 3985920
1 3986432
1 3986944
1 3987456
1 3987968
1 3988480
1 3988992
1 3989504
1 3990016
1 3990528
1 3991040
1 3991552
1 3992064
1 3992576
1 3993088
1 3993600
1 3994112
1 3994624
1 3995136
1 3995648
1 3996160
1 3996672
1 3997184
1 3997696
1 3998208
1 3998720
1 3999232
1 3999744
1 4000256
1 4000768
1 4001280
1 4001792
1 4002304
1 4002816
1 4003328
1 4003840
1 4004352
1 4004864
1 4005376
1 4005888
1 4006400
1 4006912
1 4007424
1 4007936
1 4008448
1 4008960
1 4009472
1 4009984
1 4010496
1 4011008
1 4011520
1 4012032
1 4012544
1 4013056
1 4013568
1 4014080
1 4014592
1 4015104
1 4015616
1 4016128
1 4016640
1 4017152
1 4017664
1 4018176
1 4018688
1 4019200
1 4019712
1 4020224
1 4020736
1 4021248
1 4021760
1 4022272
1 4022784
1 4023296
1 4023808
1 4024320
1 4024832
1 4025344
1 4025856
1 4026368
1 4026880
1 4027392
1 4027904
1 4028416
1 4028928
1 4029440
1 4029952
1 4030464
1 4030976
1 4031488
1 4032000
1 4032512
1 4033024
1 4033536
1 4034048
1 4034560
1 4035072
1 4035584
1 4036096
1 4036608
1 4037120
1 4037632
1 4038144
1 4038656
1 4039168
1 4039680
1 4040192
1 4040704
1 4041216
1 4041728
1 4042240
1 4042752
1 4043264
1 4043776
1 4044288
1 4044800
1 4045312
1 4045824
1 4046336
1 4046848
1 4047360
1 4047872
1 4048384
1 4048896
1 4049408
1 4049920
1 4050432
1 4050944
1 4051456
1 4051968
1 4052480
1 4052992
1 4053504
1 4054016
1 4054528
1 4055040
1 4055552
1 4056064
1 4056576
1 4057088
1 4057600
1 4058112
1 4058624
1 4059136
1 4059648
1 4060160
1 4060672
1 4061184
1 4061696
1 4062208
1 4062720
1 4063232
1 4063744
1 4064256
1 4064768
1 4065280
1 4065792
1 4066304
1 4066816
1 4067328
1 4067840
1 4068352
1 4068864
1 4069376
1 4069888
1 4070400
1 4070912
1 4071424
1 4071936
1 4072448
1 4072960
1 4073472
1 4073984
1 4074496
1 4075008
1 4075520
1 4076032
1 4076544
1 4077056
1 4077568
1 4078080
1 4078592
1 4079104
1 4079616
1 4080128
1 4080640
1 4081152
1 4081664
1 4082176
1 4082688
1 4083200
1 4083712
1 4084224
1 4084736
1 4085248
1 4085760
1 4086272
1 4086784
1 4087296
1 4087808
1 4088320
1 4088832
1 4089344
1 4089856
1 4090368
1 4090880
1 4091392
1 4091904
1 4092416
1 4092928
1 4093440
1 4093952
1 4094464
1 4094976
1 4095488
1 4096000
1 4096512
1 4097024
1 4097536
1 4098048
1 4098560
1 4099072
1 4099584
1 4100096
1 4100608
1 4101120
1 4101632
1 4102144
1 4102656
1 4103168
1 4103680
1 4104192
1 4104704
1 4105216
1 4105728
1 4106240
1 4106752
1 4107264
1 4107776
1 4108288
1 4108800
1 4109312
1 4109824
1 4110336
1 4110848
1 4111360
1 4111872
1 4112384
1 4112896
1 4113408
1 4113920
1 4114432
1 4114944
1 4115456
1 4115968
1 4116480
1 4116992
1 4117504
1 4118016
1 4118528
1 4119040
1 4119552
1 4120064
1 4120576
1 4121088
1 4121600
1 4122112
1 4122624
1 4123136
1 4123648
1 4124160
1 4124672
1 4125184
1 4125696
1 4126208
1 4126720
1 4127232
1 4127744
1 4128256
1 4128768
1 4129280
1 4129792
1 4130304
1 4130816
1 4131328
1 4131840
1 4132352
1 4132864
1 4133376
1 4133888
1 4134400
1 4134912
1 4135424
1 4135936
1 4136448
1 4136960
1 4137472
1 4137984
1 4138496
1 4139008
1 4139520
1 4140032
1 4140544
1 4141056
1 4141568
1 4142080
1 4142592
1 4143104
1 4143616
1 4144128
1 4144640
1 4145152
1 4145664
1 4146176
1 4146688
1 4147200
1 4147712
1 4148224
1 4148736
1 4149248
1 4149760
1 4150272
1 4150784
1 4151296
1 4151808
1 4152320
1 4152832
1 4153344
1 4153856
1 4154368
1 4154880
1 4155392
1 4155904
1 4156416
1 4156928
1 4157440
1 4157952
1 4158464
1 4158976
1 4159488
1 4160000
1 4160512
1 4161024
1 4161536
1 4162048
1 4162560
1 4163072
1 4163584
1 4164096
1 4164608
1 4165120
1 4165632
1 4166144
1 4166656
1 4167168
1 4167680
1 4168192
1 4168704
1 4169216
1 4169728
1 4170240
1 4170752
1 4171264
1 4171776
1 4172288
1 4172800
1 4173312
1 4173824
1 4174336
1 4174848
1 4175360
1 4175872
1 4176384
1 4176896
1 4177408
1 4177920
1 4178432
1 4178944
1 4179456
1 4179968
1 4180480
1 4180992
1 4181504
1 4182016
1 4182528
1 4183040
1 4183552
1 4184064
1 4184576
1 4185088
1 4185600
1 4186112
1 4186624
1 4187136
1 4187648
1 4188160
1 4188672
1 4189184
1 4189696
1 4190208
1 4190720
1 4191232
1 4191744
1 4192256
1 4192768
1 4193280
1 4193792
2 77777
0 4294443008
1 4293918720
1 4293926912
1 4293935104
1 4293943296
1 4293394432
1 4294180864
0 0
0 8192
0 16384
0 24576
0 32768
0 40960
0 49152
0 57344
1 4293394432
1 4294180864
0 65536
0 73728
0 81920
0 90112
0 98304
0 106496
0 114688
0 122880
1 4293394432
1 4294180864
0 131072
0 139264
0 147456
0 155648
0 163840
0 172032
0 180224
0 188416
1 4293394432
1 4294180864
0 196608
0 204800
0 212992
0 221184
0 229376
0 237568
0 245760
0 253952
1 4293394432
1 4294180864
0 262144
0 270336
0 278528
0 286720
0 294912
0 303104
0 311296
0 319488
1 4293394432
1 4294180864
0 327680
0 335872
0 344064
0 352256
0 360448
0 368640
0 376832
0 385024
1 4293394432
1 4294180864
0 393216
0 401408
0 409600
0 417792
0 425984
0 434176
0 442368
0 450560
1 4293394432
1 4294180864
0 458752
0 466944
0 475136
0 483328
0 491520
0 499712
0 507904
0 516096
1 4293394432
1 4294180864
0 524288
0 532480
0 540672
0 548864
0 557056
0 565248
0 573440
0 581632
1 4293394432
1 4294180864
0 589824
0 598016
0 606208
0 614400
0 622592
0 630784
0 638976
0 647168
1 4293394432
1 4294180864
0 655360
0 663552
0 671744
0 679936
0 688128
0 696320
0 704512
0 712704
1 4293394432
1 4294180864
0 720896
0 729088
0 737280
0 745472
0 753664
0 761856
0 770048
0 778240
1 4293394432
1 4294180864
0 786432
0 794624
0 802816
0 811008
0 819200
0 827392
0 835584
0 843776
1 4293394432
1 4294180864
0 851968
0 860160
0 868352
0 876544
0 884736
0 892928
0 901120
0 909312
1 4293394432
1 4294180864
0 917504
0 925696
0 933888
0 942080
0 950272
0 958464
0 966656
0 974848
1 4293394432
1 4294180864
0 983040
0 991232
0 999424
0 1007616
0 1015808
0 1024000
0 1032192
0 1040384
1 4293394432
1 4294180864
0 1048576
0 1056768
0 1064960
0 1073152
0 1081344
0 1089536
0 1097728
0 1105920
1 4293394432
1 4294180864
0 1114112
0 1122304
0 1130496
0 1138688
0 1146880
0 1155072
0 1163264
0 1171456
1 4293394432
1 4294180864
0 1179648
0 1187840
0 1196032
0 1204224
0 1212416
0 1220608
0 1228800
0 1236992
1 4293394432
1 4294180864
0 1245184
0 1253376
0 1261568
0 1269760
0 1277952
0 1286144
0 1294336
0 1302528
1 4293394432
1 4294180864
0 1310720
0 1318912
0 1327104
0 1335296
0 1343488
0 1351680
0 1359872
0 1368064
1 4293394432
1 4294180864
0 1376256
0 1384448
0 1392640
0 1400832
0 1409024
0 1417216
0 1425408
0 1433600
1 4293394432
1 4294180864
0 1441792
0 1449984
0 1458176
0 1466368
0 1474560
0 1482752
0 1490944
0 1499136
1 4293394432
1 4294180864
0 1507328
0 1515520
0 1523712
0 1531904
0 1540096
0 1548288
0 1556480
0 1564672
1 4293394432
1 4294180864
0 1572864
0 1581056
0 1589248
0 1597440
0 1605632
0 1613824
0 1622016
0 1630208
1 4293394432
1 4294180864
0 1638400
0 1646592
0 1654784
0 1662976
0 1671168
0 1679360
0 1687552
0 1695744
1 4293394432
1 4294180864
0 1703936
0 1712128
0 1720320
0 1728512
0 1736704
0 1744896
0 1753088
0 1761280
1 4293394432
1 4294180864
0 1769472
0 1777664
0 1785856
0 1794048
0 1802240
0 1810432
0 1818624
0 1826816
1 4293394432
1 4294180864
0 1835008
0 1843200
0 1851392
0 1859584
0 1867776
0 1875968
0 1884160
0 1892352
1 4293394432
1 4294180864
0 1900544
0 1908736
0 1916928
0 1925120
0 1933312
0 1941504
0 1949696
0 1957888
1 4293394432
1 4294180864
0 1966080
0 1974272
0 1982464
0 1990656
0 1998848
0 2007040
0 2015232
0 2023424
1 4293394432
1 4294180864
0 2031616
0 2039808
0 2048000
0 2056192
0 2064384
0 2072576
0 2080768
0 2088960
1 4293394432
1 4294180864
0 2097152
0 2105344
0 2113536
0 2121728
0 2129920
0 2138112
0 2146304
0 2154496
1 4293394432
1 4294180864
0 2162688
0 2170880
0 2179072
0 2187264
0 2195456
0 2203648
0 2211840
0 2220032
1 4293394432
1 4294180864
0 2228224
0 2236416
0 2244608
0 2252800
0 2260992
0 2269184
0 2277376
0 2285568
1 4293394432
1 4294180864
0 2293760
0 2301952
0 2310144
0 2318336
0 2326528
0 2334720
0 2342912
0 2351104
1 4293394432
1 4294180864
0 2359296
0 2367488
0 2375680
0 2383872
0 2392064
0 2400256
0 2408448
0 2416640
1 4293394432
1 4294180864
0 2424832
0 2433024
0 2441216
0 2449408
0 2457600
0 2465792
0 2473984
0 2482176
1 4293394432
1 4294180864
0 2490368
0 2498560
0 2506752
0 2514944
0 2523136
0 2531328
0 2539520
0 2547712
1 4293394432
1 4294180864
0 2555904
0 2564096
0 2572288
0 2580480
0 2588672
0 2596864
0 2605056
0 2613248
1 4293394432
1 4294180864
0 2621440
0 2629632
0 2637824
0 2646016
0 2654208
0 2662400
0 2670592
0 2678784
1 4293394432
1 4294180864
0 2686976
0 2695168
0 2703360
0 2711552
0 2719744
0 2727936
0 2736128
0 2744320
1 4293394432
1 4294180864
0 2752512
0 2760704
0 2768896
0 2777088
0 2785280
0 2793472
0 2801664
0 2809856
1 4293394432
1 4294180864
0 2818048
0 2826240
0 2834432
0 2842624
0 2850816
0 2859008
0 2867200
0 2875392
1 4293394432
1 4294180864
0 2883584
0 2891776
0 2899968
0 2908160
0 2916352
0 2924544
0 2932736
0 2940928
1 4293394432
1 4294180864
0 2949120
0 2957312
0 2965504
0 2973696
0 2981888
0 2990080
0 2998272
0 3006464
1 4293394432
1 4294180864
0 3014656
0 3022848
0 3031040
0 3039232
0 3047424
0 3055616
0 3063808
0 3072000
1 4293394432
1 4294180864
0 3080192
0 3088384
0 3096576
0 3104768
0 3112960
0 3121152
0 3129344
0 3137536
1 4293394432
1 4294180864
0 3145728
0 3153920
0 3162112
0 3170304
0 3178496
0 3186688
0 3194880
0 3203072
1 4293394432
1 4294180864
0 3211264
0 3219456
0 3227648
0 3235840
0 3244032
0 3252224
0 3260416
0 3268608
1 4293394432
1 4294180864
0 3276800
0 3284992
0 3293184
0 3301376
0 3309568
0 3317760
0 3325952
0 3334144
1 4293394432
1 4294180864
0 3342336
0 3350528
0 3358720
0 3366912
0 3375104
0 3383296
0 3391488
0 3399680
1 4293394432
1 4294180864
0 3407872
0 3416064
0 3424256
0 3432448
0 3440640
0 3448832
0 3457024
0 3465216
1 4293394432
1 4294180864
0 3473408
0 3481600
0 3489792
0 3497984
0 3506176
0 3514368
0 3522560
0 3530752
1 4293394432
1 4294180864
0 3538944
0 3547136
0 3555328
0 3563520
0 3571712
0 3579904
0 3588096
0 3596288
1 4293394432
1 4294180864
0 3604480
0 3612672
0 3620864
0 3629056
0 3637248
0 3645440
0 3653632
0 3661824
1 4293394432
1 4294180864
0 3670016
0 3678208
0 3686400
0 3694592
0 3702784
0 3710976
0 3719168
0 3727360
1 4293394432
1 4294180864
0 3735552
0 3743744
0 3751936
0 3760128
0 3768320
0 3776512
0 3784704
0 3792896
1 4293394432
1 4294180864
0 3801088
0 3809280
0 3817472
0 3825664
0 3833856
0 3842048
0 3850240
0 3858432
1 4293394432
1 4294180864
0 3866624
0 3874816
0 3883008
0 3891200
0 3899392
0 3907584
0 3915776
0 3923968
1 4293394432
1 4294180864
0 3932160
0 3940352
0 3948544
0 3956736
0 3964928
0 3973120
0 3981312
0 3989504
1 4293394432
1 4294180864
0 3997696
0 4005888
0 4014080
0 4022272
0 4030464
0 4038656
0 4046848
0 4055040
1 4293394432
1 4294180864
0 4063232
0 4071424
0 4079616
0 4087808
0 4096000
0 4104192
0 4112384
0 4120576
1 4293394432
1 4294180864
0 4128768
0 4136960
0 4145152
0 4153344
0 4161536
0 4169728
0 4177920
0 4186112
1 4293918720
1 4293926912
1 4293935104
1 4293943296
1 4294180864
1 4194304
1 4293722112
1 4293730304
1 4293738496
1 4293746688
1 4293754880
1 4293763072
1 4293771264
1 4293779456
1 4293918720
1 4293926912
1 4293935104
1 4293943296
1 4293394432
1 4294180864
0 512
0 8704
0 16896
0 25088
0 33280
0 41472
0 49664
0 57856
1 4293394432
1 4294180864
0 66048
0 74240
0 82432
0 90624
0 98816
0 107008
0 115200
0 123392
1 4293394432
1 4294180864
0 131584
0 139776
0 147968
0 156160
0 164352
0 172544
0 180736
0 188928
1 4293394432
1 4294180864
0 197120
0 205312
0 213504
0 221696
0 229888
0 238080
0 246272
0 254464
1 4293394432
1 4294180864
0 262656
0 270848
0 279040
0 287232
0 295424
0 303616
0 311808
0 320000
1 4293394432
1 4294180864
0 328192
0 336384
0 344576
0 352768
0 360960
0 369152
0 377344
0 385536
1 4293394432
1 4294180864
0 393728
0 401920
0 410112
0 418304
0 426496
0 434688
0 442880
0 451072
1 4293394432
1 4294180864
0 459264
0 467456
0 475648
0 483840
0 492032
0 500224
0 508416
0 516608
1 4293394432
1 4294180864
0 524800
0 532992
0 541184
0 549376
0 557568
0 565760
0 573952
0 582144
1 4293394432
1 4294180864
0 590336
0 598528
0 606720
0 614912
0 623104
0 631296
0 639488
0 647680
1 4293394432
1 4294180864
0 655872
0 664064
0 672256
0 680448
0 688640
0 696832
0 705024
0 713216
1 4293394432
1 4294180864
0 721408
0 729600
0 737792
0 745984
0 754176
0 762368
0 770560
0 778752
1 4293394432
1 4294180864
0 786944
0 795136
0 803328
0 811520
0 819712
0 827904
0 836096
0 844288
1 4293394432
1 4294180864
0 852480
0 860672
0 868864
0 877056
0 885248
0 893440
0 901632
0 909824
1 4293394432
1 4294180864
0 918016
0 926208
0 934400
0 942592
0 950784
0 958976
0 967168
0 975360
1 4293394432
1 4294180864
0 983552
0 991744
0 999936
0 1008128
0 1016320
0 1024512
0 1032704
0 1040896
1 4293394432
1 4294180864
0 1049088
0 1057280
0 1065472
0 1073664
0 1081856
0 1090048
0 1098240
0 1106432
1 4293394432
1 4294180864
0 1114624
0 1122816
0 1131008
0 1139200
0 1147392
0 1155584
0 1163776
0 1171968
1 4293394432
1 4294180864
0 1180160
0 1188352
0 1196544
0 1204736
0 1212928
0 1221120
0 1229312
0 1237504
1 4293394432
1 4294180864
0 1245696
0 1253888
0 1262080
0 1270272
0 1278464
0 1286656
0 1294848
0 1303040
1 4293394432
1 4294180864
0 1311232
0 1319424
0 1327616
0 1335808
0 1344000
0 1352192
0 1360384
0 1368576
1 4293394432
1 4294180864
0 1376768
0 1384960
0 1393152
0 1401344
0 1409536
0 1417728
0 1425920
0 1434112
1 4293394432
1 4294180864
0 1442304
0 1450496
0 1458688
0 1466880
0 1475072
0 1483264
0 1491456
0 1499648
1 4293394432
1 4294180864
0 1507840
0 1516032
0 1524224
0 1532416
0 1540608
0 1548800
0 1556992
0 1565184
1 4293394432
1 4294180864
0 1573376
0 1581568
0 1589760
0 1597952
0 1606144
0 1614336
0 1622528
0 1630720
1 4293394432
1 4294180864
0 1638912
0 1647104
0 1655296
0 1663488
0 1671680
0 1679872
0 1688064
0 1696256
1 4293394432
1 4294180864
0 1704448
0 1712640
0 1720832
0 1729024
0 1737216
0 1745408
0 1753600
0 1761792
1 4293394432
1 4294180864
0 1769984
0 1778176
0 1786368
0 1794560
0 1802752
0 1810944
0 1819136
0 1827328
1 4293394432
1 4294180864
0 1835520
0 1843712
0 1851904
0 1860096
0 1868288
0 1876480
0 1884672
0 1892864
1 4293394432
1 4294180864
0 1901056
0 1909248
0 1917440
0 1925632
0 1933824
0 1942016
0 1950208
0 1958400
1 4293394432
1 4294180864
0 1966592
0 1974784
0 1982976
0 1991168
0 1999360
0 2007552
0 2015744
0 2023936
1 4293394432
1 4294180864
0 2032128
0 2040320
0 2048512
0 2056704
0 2064896
0 2073088
0 2081280
0 2089472
1 4293394432
1 4294180864
0 2097664
0 2105856
0 2114048
0 2122240
0 2130432
0 2138624
0 2146816
0 2155008
1 4293394432
1 4294180864
0 2163200
0 2171392
0 2179584
0 2187776
0 2195968
0 2204160
0 2212352
0 2220544
1 4293394432
1 4294180864
0 2228736
0 2236928
0 2245120
0 2253312
0 2261504
0 2269696
0 2277888
0 2286080
1 4293394432
1 4294180864
0 2294272
0 2302464
0 2310656
0 2318848
0 2327040
0 2335232
0 2343424
0 2351616
1 4293394432
1 4294180864
0 2359808
0 2368000
0 2376192
0 2384384
0 2392576
0 2400768
0 2408960
0 2417152
1 4293394432
1 4294180864
0 2425344
0 2433536
0 2441728
0 2449920
0 2458112
0 2466304
0 2474496
0 2482688
1 4293394432
1 4294180864
0 2490880
0 2499072
0 2507264
0 2515456
0 2523648
0 2531840
0 2540032
0 2548224
1 4293394432
1 4294180864
0 2556416
0 2564608
0 2572800
0 2580992
0 2589184
0 2597376
0 2605568
0 2613760
1 4293394432
1 4294180864
0 2621952
0 2630144
0 2638336
0 2646528
0 2654720
0 2662912
0 2671104
0 2679296
1 4293394432
1 4294180864
0 2687488
0 2695680
0 2703872
0 2712064
0 2720256
0 2728448
0 2736640
0 2744832
1 4293394432
1 4294180864
0 2753024
0 2761216
0 2769408
0 2777600
0 2785792
0 2793984
0 2802176
0 2810368
1 4293394432
1 4294180864
0 2818560
0 2826752
0 2834944
0 2843136
0 2851328
0 2859520
0 2867712
0 2875904
1 4293394432
1 4294180864
0 2884096
0 2892288
0 2900480
0 2908672
0 2916864
0 2925056
0 2933248
0 2941440
1 4293394432
1 4294180864
0 2949632
0 2957824
0 2966016
0 2974208
0 2982400
0 2990592
0 2998784
0 3006976
1 4293394432
1 4294180864
0 3015168
0 3023360
0 3031552
0 3039744
0 3047936
0 3056128
0 3064320
0 3072512
1 4293394432
1 4294180864
0 3080704
0 3088896
0 3097088
0 3105280
0 3113472
0 3121664
0 3129856
0 3138048
1 4293394432
1 4294180864
0 3146240
0 3154432
0 3162624
0 3170816
0 3179008
0 3187200
0 3195392
0 3203584
1 4293394432
1 4294180864
0 3211776
0 3219968
0 3228160
0 3236352
0 3244544
0 3252736
0 3260928
0 3269120
1 4293394432
1 4294180864
0 3277312
0 3285504
0 3293696
0 3301888
0 3310080
0 3318272
0 3326464
0 3334656
1 4293394432
1 4294180864
0 3342848
0 3351040
0 3359232
0 3367424
0 3375616
0 3383808
0 3392000
0 3400192
1 4293394432
1 4294180864
0 3408384
0 3416576
0 3424768
0 3432960
0 3441152
0 3449344
0 3457536
0 3465728
1 4293394432
1 4294180864
0 3473920
0 3482112
0 3490304
0 3498496
0 3506688
0 3514880
0 3523072
0 3531264
1 4293394432
1 4294180864
0 3539456
0 3547648
0 3555840
0 3564032
0 3572224
0 3580416
0 3588608
0 3596800
1 4293394432
1 4294180864
0 3604992
0 3613184
0 3621376
0 3629568
0 3637760
0 3645952
0 3654144
0 3662336
1 4293394432
1 4294180864
0 3670528
0 3678720
0 3686912
0 3695104
0 3703296
0 3711488
0 3719680
0 3727872
1 4293394432
1 4294180864
0 3736064
0 3744256
0 3752448
0 3760640
0 3768832
0 3777024
0 3785216
0 3793408
1 4293394432
1 4294180864
0 3801600
0 3809792
0 3817984
0 3826176
0 3834368
0 3842560
0 3850752
0 3858944
1 4293394432
1 4294180864
0 3867136
0 3875328
0 3883520
0 3891712
0 3899904
0 3908096
0 3916288
0 3924480
1 4293394432
1 4294180864
0 3932672
0 3940864
0 3949056
0 3957248
0 3965440
0 3973632
0 3981824
0 3990016
1 4293394432
1 4294180864
0 3998208
0 4006400
0 4014592
0 4022784
0 4030976
0 4039168
0 4047360
0 4055552
1 4293394432
1 4294180864
0 4063744
0 4071936
0 4080128
0 4088320
0 4096512
0 4104704
0 4112896
0 4121088
1 4293394432
1 4294180864
0 4129280
0 4137472
0 4145664
0 4153856
0 4162048
0 4170240
0 4178432
0 4186624
1 4293918720
1 4293926912
1 4293935104
1 4293943296
1 4294180864
1 4194816
1 4293722112
1 4293730304
1 4293738496
1 4293746688
1 4293754880
1 4293763072
1 4293771264
1 4293779456
0 4294705152
3 77777
0 4194304
0 4194816
0 4195328
0 4195840
0 4196352
0 4196864
0 4197376
0 4197888
0 4198400
0 4198912
0 4199424
0 4199936
0 4200448
0 4200960
0 4201472
0 4201984
