0 4294443008
1 4293918720
1 4293926912
1 4293935104
1 4293943296
1 4293394432
1 4294180864
0 0
0 8192
0 16384
0 24576
0 32768
0 40960
0 49152
0 57344
1 4293394432
1 4294180864
0 65536
0 73728
0 81920
0 90112
0 98304
0 106496
0 114688
0 122880
1 4293394432
1 4294180864
0 131072
0 139264
0 147456
0 155648
0 163840
0 172032
0 180224
0 188416
1 4293394432
1 4294180864
0 196608
0 204800
0 212992
0 221184
0 229376
0 237568
0 245760
0 253952
1 4293394432
1 4294180864
0 262144
0 270336
0 278528
0 286720
0 294912
0 303104
0 311296
0 319488
1 4293394432
1 4294180864
0 327680
0 335872
0 344064
0 352256
0 360448
0 368640
0 376832
0 385024
1 4293394432
1 4294180864
0 393216
0 401408
0 409600
0 417792
0 425984
0 434176
0 442368
0 450560
1 4293394432
1 4294180864
0 458752
0 466944
0 475136
0 483328
0 491520
0 499712
0 507904
0 516096
1 4293394432
1 4294180864
0 524288
0 532480
0 540672
0 548864
0 557056
0 565248
0 573440
0 581632
1 4293394432
1 4294180864
0 589824
0 598016
0 606208
0 614400
0 622592
0 630784
0 638976
0 647168
1 4293394432
1 4294180864
0 655360
0 663552
0 671744
0 679936
0 688128
0 696320
0 704512
0 712704
1 4293394432
1 4294180864
0 720896
0 729088
0 737280
0 745472
0 753664
0 761856
0 770048
0 778240
1 4293394432
1 4294180864
0 786432
0 794624
0 802816
0 811008
0 819200
0 827392
0 835584
0 843776
1 4293394432
1 4294180864
0 851968
0 860160
0 868352
0 876544
0 884736
0 892928
0 901120
0 909312
1 4293394432
1 4294180864
0 917504
0 925696
0 933888
0 942080
0 950272
0 958464
0 966656
0 974848
1 4293394432
1 4294180864
0 983040
0 991232
0 999424
0 1007616
0 1015808
0 1024000
0 1032192
0 1040384
1 4293394432
1 4294180864
0 1048576
0 1056768
0 1064960
0 1073152
0 1081344
0 1089536
0 1097728
0 1105920
1 4293394432
1 4294180864
0 1114112
0 1122304
0 1130496
0 1138688
0 1146880
0 1155072
0 1163264
0 1171456
1 4293394432
1 4294180864
0 1179648
0 1187840
0 1196032
0 1204224
0 1212416
0 1220608
0 1228800
0 1236992
1 4293394432
1 4294180864
0 1245184
0 1253376
0 1261568
0 1269760
0 1277952
0 1286144
0 1294336
0 1302528
1 4293394432
1 4294180864
0 1310720
0 1318912
0 1327104
0 1335296
0 1343488
0 1351680
0 1359872
0 1368064
1 4293394432
1 4294180864
0 1376256
0 1384448
0 1392640
0 1400832
0 1409024
0 1417216
0 1425408
0 1433600
1 4293394432
1 4294180864
0 1441792
0 1449984
0 1458176
0 1466368
0 1474560
0 1482752
0 1490944
0 1499136
1 4293394432
1 4294180864
0 1507328
0 1515520
0 1523712
0 1531904
0 1540096
0 1548288
0 1556480
0 1564672
1 4293394432
1 4294180864
0 1572864
0 1581056
0 1589248
0 1597440
0 1605632
0 1613824
0 1622016
0 1630208
1 4293394432
1 4294180864
0 1638400
0 1646592
0 1654784
0 1662976
0 1671168
0 1679360
0 1687552
0 1695744
1 4293394432
1 4294180864
0 1703936
0 1712128
0 1720320
0 1728512
0 1736704
0 1744896
0 1753088
0 1761280
1 4293394432
1 4294180864
0 1769472
0 1777664
0 1785856
0 1794048
0 1802240
0 1810432
0 1818624
0 1826816
1 4293394432
1 4294180864
0 1835008
0 1843200
0 1851392
0 1859584
0 1867776
0 1875968
0 1884160
0 1892352
1 4293394432
1 4294180864
0 1900544
0 1908736
0 1916928
0 1925120
0 1933312
0 1941504
0 1949696
0 1957888
1 4293394432
1 4294180864
0 1966080
0 1974272
0 1982464
0 1990656
0 1998848
0 2007040
0 2015232
0 2023424
1 4293394432
1 4294180864
0 2031616
0 2039808
0 2048000
0 2056192
0 2064384
0 2072576
0 2080768
0 2088960
1 4293394432
1 4294180864
0 2097152
0 2105344
0 2113536
0 2121728
0 2129920
0 2138112
0 2146304
0 2154496
1 4293394432
1 4294180864
0 2162688
0 2170880
0 2179072
0 2187264
0 2195456
0 2203648
0 2211840
0 2220032
1 4293394432
1 4294180864
0 2228224
0 2236416
0 2244608
0 2252800
0 2260992
0 2269184
0 2277376
0 2285568
1 4293394432
1 4294180864
0 2293760
0 2301952
0 2310144
0 2318336
0 2326528
0 2334720
0 2342912
0 2351104
1 4293394432
1 4294180864
0 2359296
0 2367488
0 2375680
0 2383872
0 2392064
0 2400256
0 2408448
0 2416640
1 4293394432
1 4294180864
0 2424832
0 2433024
0 2441216
0 2449408
0 2457600
0 2465792
0 2473984
0 2482176
1 4293394432
1 4294180864
0 2490368
0 2498560
0 2506752
0 2514944
0 2523136
0 2531328
0 2539520
0 2547712
1 4293394432
1 4294180864
0 2555904
0 2564096
0 2572288
0 2580480
0 2588672
0 2596864
0 2605056
0 2613248
1 4293394432
1 4294180864
0 2621440
0 2629632
0 2637824
0 2646016
0 2654208
0 2662400
0 2670592
0 2678784
1 4293394432
1 4294180864
0 2686976
0 2695168
0 2703360
0 2711552
0 2719744
0 2727936
0 2736128
0 2744320
1 4293394432
1 4294180864
0 2752512
0 2760704
0 2768896
0 2777088
0 2785280
0 2793472
0 2801664
0 2809856
1 4293394432
1 4294180864
0 2818048
0 2826240
0 2834432
0 2842624
0 2850816
0 2859008
0 2867200
0 2875392
1 4293394432
1 4294180864
0 2883584
0 2891776
0 2899968
0 2908160
0 2916352
0 2924544
0 2932736
0 2940928
1 4293394432
1 4294180864
0 2949120
0 2957312
0 2965504
0 2973696
0 2981888
0 2990080
0 2998272
0 3006464
1 4293394432
1 4294180864
0 3014656
0 3022848
0 3031040
0 3039232
0 3047424
0 3055616
0 3063808
0 3072000
1 4293394432
1 4294180864
0 3080192
0 3088384
0 3096576
0 3104768
0 3112960
0 3121152
0 3129344
0 3137536
1 4293394432
1 4294180864
0 3145728
0 3153920
0 3162112
0 3170304
0 3178496
0 3186688
0 3194880
0 3203072
1 4293394432
1 4294180864
0 3211264
0 3219456
0 3227648
0 3235840
0 3244032
0 3252224
0 3260416
0 3268608
1 4293394432
1 4294180864
0 3276800
0 3284992
0 3293184
0 3301376
0 3309568
0 3317760
0 3325952
0 3334144
1 4293394432
1 4294180864
0 3342336
0 3350528
0 3358720
0 3366912
0 3375104
0 3383296
0 3391488
0 3399680
1 4293394432
1 4294180864
0 3407872
0 3416064
0 3424256
0 3432448
0 3440640
0 3448832
0 3457024
0 3465216
1 4293394432
1 4294180864
0 3473408
0 3481600
0 3489792
0 3497984
0 3506176
0 3514368
0 3522560
0 3530752
1 4293394432
1 4294180864
0 3538944
0 3547136
0 3555328
0 3563520
0 3571712
0 3579904
0 3588096
0 3596288
1 4293394432
1 4294180864
0 3604480
0 3612672
0 3620864
0 3629056
0 3637248
0 3645440
0 3653632
0 3661824
1 4293394432
1 4294180864
0 3670016
0 3678208
0 3686400
0 3694592
0 3702784
0 3710976
0 3719168
0 3727360
1 4293394432
1 4294180864
0 3735552
0 3743744
0 3751936
0 3760128
0 3768320
0 3776512
0 3784704
0 3792896
1 4293394432
1 4294180864
0 3801088
0 3809280
0 3817472
0 3825664
0 3833856
0 3842048
0 3850240
0 3858432
1 4293394432
1 4294180864
0 3866624
0 3874816
0 3883008
0 3891200
0 3899392
0 3907584
0 3915776
0 3923968
1 4293394432
1 4294180864
0 3932160
0 3940352
0 3948544
0 3956736
0 3964928
0 3973120
0 3981312
0 3989504
1 4293394432
1 4294180864
0 3997696
0 4005888
0 4014080
0 4022272
0 4030464
0 4038656
0 4046848
0 4055040
1 4293394432
1 4294180864
0 4063232
0 4071424
0 4079616
0 4087808
0 4096000
0 4104192
0 4112384
0 4120576
1 4293394432
1 4294180864
0 4128768
0 4136960
0 4145152
0 4153344
0 4161536
0 4169728
0 4177920
0 4186112
1 4293918720
1 4293926912
1 4293935104
1 4293943296
1 4294180864
0 4194304
1 4259840
1 4293722112
1 4293730304
1 4293738496
1 4293746688
1 4293754880
1 4293763072
1 4293771264
1 4293779456
1 4293918720
1 4293926912
1 4293935104
1 4293943296
1 4293394432
1 4294180864
0 512
0 8704
0 16896
0 25088
0 33280
0 41472
0 49664
0 57856
1 4293394432
1 4294180864
0 66048
0 74240
0 82432
0 90624
0 98816
0 107008
0 115200
0 123392
1 4293394432
1 4294180864
0 131584
0 139776
0 147968
0 156160
0 164352
0 172544
0 180736
0 188928
1 4293394432
1 4294180864
0 197120
0 205312
0 213504
0 221696
0 229888
0 238080
0 246272
0 254464
1 4293394432
1 4294180864
0 262656
0 270848
0 279040
0 287232
0 295424
0 303616
0 311808
0 320000
1 4293394432
1 4294180864
0 328192
0 336384
0 344576
0 352768
0 360960
0 369152
0 377344
0 385536
1 4293394432
1 4294180864
0 393728
0 401920
0 410112
0 418304
0 426496
0 434688
0 442880
0 451072
1 4293394432
1 4294180864
0 459264
0 467456
0 475648
0 483840
0 492032
0 500224
0 508416
0 516608
1 4293394432
1 4294180864
0 524800
0 532992
0 541184
0 549376
0 557568
0 565760
0 573952
0 582144
1 4293394432
1 4294180864
0 590336
0 598528
0 606720
0 614912
0 623104
0 631296
0 639488
0 647680
1 4293394432
1 4294180864
0 655872
0 664064
0 672256
0 680448
0 688640
0 696832
0 705024
0 713216
1 4293394432
1 4294180864
0 721408
0 729600
0 737792
0 745984
0 754176
0 762368
0 770560
0 778752
1 4293394432
1 4294180864
0 786944
0 795136
0 803328
0 811520
0 819712
0 827904
0 836096
0 844288
1 4293394432
1 4294180864
0 852480
0 860672
0 868864
0 877056
0 885248
0 893440
0 901632
0 909824
1 4293394432
1 4294180864
0 918016
0 926208
0 934400
0 942592
0 950784
0 958976
0 967168
0 975360
1 4293394432
1 4294180864
0 983552
0 991744
0 999936
0 1008128
0 1016320
0 1024512
0 1032704
0 1040896
1 4293394432
1 4294180864
0 1049088
0 1057280
0 1065472
0 1073664
0 1081856
0 1090048
0 1098240
0 1106432
1 4293394432
1 4294180864
0 1114624
0 1122816
0 1131008
0 1139200
0 1147392
0 1155584
0 1163776
0 1171968
1 4293394432
1 4294180864
0 1180160
0 1188352
0 1196544
0 1204736
0 1212928
0 1221120
0 1229312
0 1237504
1 4293394432
1 4294180864
0 1245696
0 1253888
0 1262080
0 1270272
0 1278464
0 1286656
0 1294848
0 1303040
1 4293394432
1 4294180864
0 1311232
0 1319424
0 1327616
0 1335808
0 1344000
0 1352192
0 1360384
0 1368576
1 4293394432
1 4294180864
0 1376768
0 1384960
0 1393152
0 1401344
0 1409536
0 1417728
0 1425920
0 1434112
1 4293394432
1 4294180864
0 1442304
0 1450496
0 1458688
0 1466880
0 1475072
0 1483264
0 1491456
0 1499648
1 4293394432
1 4294180864
0 1507840
0 1516032
0 1524224
0 1532416
0 1540608
0 1548800
0 1556992
0 1565184
1 4293394432
1 4294180864
0 1573376
0 1581568
0 1589760
0 1597952
0 1606144
0 1614336
0 1622528
0 1630720
1 4293394432
1 4294180864
0 1638912
0 1647104
0 1655296
0 1663488
0 1671680
0 1679872
0 1688064
0 1696256
1 4293394432
1 4294180864
0 1704448
0 1712640
0 1720832
0 1729024
0 1737216
0 1745408
0 1753600
0 1761792
1 4293394432
1 4294180864
0 1769984
0 1778176
0 1786368
0 1794560
0 1802752
0 1810944
0 1819136
0 1827328
1 4293394432
1 4294180864
0 1835520
0 1843712
0 1851904
0 1860096
0 1868288
0 1876480
0 1884672
0 1892864
1 4293394432
1 4294180864
0 1901056
0 1909248
0 1917440
0 1925632
0 1933824
0 1942016
0 1950208
0 1958400
1 4293394432
1 4294180864
0 1966592
0 1974784
0 1982976
0 1991168
0 1999360
0 2007552
0 2015744
0 2023936
1 4293394432
1 4294180864
0 2032128
0 2040320
0 2048512
0 2056704
0 2064896
0 2073088
0 2081280
0 2089472
1 4293394432
1 4294180864
0 2097664
0 2105856
0 2114048
0 2122240
0 2130432
0 2138624
0 2146816
0 2155008
1 4293394432
1 4294180864
0 2163200
0 2171392
0 2179584
0 2187776
0 2195968
0 2204160
0 2212352
0 2220544
1 4293394432
1 4294180864
0 2228736
0 2236928
0 2245120
0 2253312
0 2261504
0 2269696
0 2277888
0 2286080
1 4293394432
1 4294180864
0 2294272
0 2302464
0 2310656
0 2318848
0 2327040
0 2335232
0 2343424
0 2351616
1 4293394432
1 4294180864
0 2359808
0 2368000
0 2376192
0 2384384
0 2392576
0 2400768
0 2408960
0 2417152
1 4293394432
1 4294180864
0 2425344
0 2433536
0 2441728
0 2449920
0 2458112
0 2466304
0 2474496
0 2482688
1 4293394432
1 4294180864
0 2490880
0 2499072
0 2507264
0 2515456
0 2523648
0 2531840
0 2540032
0 2548224
1 4293394432
1 4294180864
0 2556416
0 2564608
0 2572800
0 2580992
0 2589184
0 2597376
0 2605568
0 2613760
1 4293394432
1 4294180864
0 2621952
0 2630144
0 2638336
0 2646528
0 2654720
0 2662912
0 2671104
0 2679296
1 4293394432
1 4294180864
0 2687488
0 2695680
0 2703872
0 2712064
0 2720256
0 2728448
0 2736640
0 2744832
1 4293394432
1 4294180864
0 2753024
0 2761216
0 2769408
0 2777600
0 2785792
0 2793984
0 2802176
0 2810368
1 4293394432
1 4294180864
0 2818560
0 2826752
0 2834944
0 2843136
0 2851328
0 2859520
0 2867712
0 2875904
1 4293394432
1 4294180864
0 2884096
0 2892288
0 2900480
0 2908672
0 2916864
0 2925056
0 2933248
0 2941440
1 4293394432
1 4294180864
0 2949632
0 2957824
0 2966016
0 2974208
0 2982400
0 2990592
0 2998784
0 3006976
1 4293394432
1 4294180864
0 3015168
0 3023360
0 3031552
0 3039744
0 3047936
0 3056128
0 3064320
0 3072512
1 4293394432
1 4294180864
0 3080704
0 3088896
0 3097088
0 3105280
0 3113472
0 3121664
0 3129856
0 3138048
1 4293394432
1 4294180864
0 3146240
0 3154432
0 3162624
0 3170816
0 3179008
0 3187200
0 3195392
0 3203584
1 4293394432
1 4294180864
0 3211776
0 3219968
0 3228160
0 3236352
0 3244544
0 3252736
0 3260928
0 3269120
1 4293394432
1 4294180864
0 3277312
0 3285504
0 3293696
0 3301888
0 3310080
0 3318272
0 3326464
0 3334656
1 4293394432
1 4294180864
0 3342848
0 3351040
0 3359232
0 3367424
0 3375616
0 3383808
0 3392000
0 3400192
1 4293394432
1 4294180864
0 3408384
0 3416576
0 3424768
0 3432960
0 3441152
0 3449344
0 3457536
0 3465728
1 4293394432
1 4294180864
0 3473920
0 3482112
0 3490304
0 3498496
0 3506688
0 3514880
0 3523072
0 3531264
1 4293394432
1 4294180864
0 3539456
0 3547648
0 3555840
0 3564032
0 3572224
0 3580416
0 3588608
0 3596800
1 4293394432
1 4294180864
0 3604992
0 3613184
0 3621376
0 3629568
0 3637760
0 3645952
0 3654144
0 3662336
1 4293394432
1 4294180864
0 3670528
0 3678720
0 3686912
0 3695104
0 3703296
0 3711488
0 3719680
0 3727872
1 4293394432
1 4294180864
0 3736064
0 3744256
0 3752448
0 3760640
0 3768832
0 3777024
0 3785216
0 3793408
1 4293394432
1 4294180864
0 3801600
0 3809792
0 3817984
0 3826176
0 3834368
0 3842560
0 3850752
0 3858944
1 4293394432
1 4294180864
0 3867136
0 3875328
0 3883520
0 3891712
0 3899904
0 3908096
0 3916288
0 3924480
1 4293394432
1 4294180864
0 3932672
0 3940864
0 3949056
0 3957248
0 3965440
0 3973632
0 3981824
0 3990016
1 4293394432
1 4294180864
0 3998208
0 4006400
0 4014592
0 4022784
0 4030976
0 4039168
0 4047360
0 4055552
1 4293394432
1 4294180864
0 4063744
0 4071936
0 4080128
0 4088320
0 4096512
0 4104704
0 4112896
0 4121088
1 4293394432
1 4294180864
0 4129280
0 4137472
0 4145664
0 4153856
0 4162048
0 4170240
0 4178432
0 4186624
1 4293918720
1 4293926912
1 4293935104
1 4293943296
1 4294180864
0 4194816
1 4260352
1 4293722112
1 4293730304
1 4293738496
1 4293746688
1 4293754880
1 4293763072
1 4293771264
1 4293779456
0 4294705152
