1 262144
1 262656
1 263168
1 263680
1 264192
1 264704
1 265216
1 265728
1 266240
1 266752
1 267264
1 267776
1 268288
1 268800
1 269312
1 269824
1 270336
1 270848
1 271360
1 271872
1 272384
1 272896
1 273408
1 273920
1 274432
1 274944
1 275456
1 275968
1 276480
1 276992
1 277504
1 278016
1 278528
1 279040
1 279552
1 280064
1 280576
1 281088
1 281600
1 282112
1 282624
1 283136
1 283648
1 284160
1 284672
1 285184
1 285696
1 286208
1 286720
1 287232
1 287744
1 288256
1 288768
1 289280
1 289792
1 290304
1 290816
1 291328
1 291840
1 292352
1 292864
1 293376
1 293888
1 294400
1 294912
1 295424
1 295936
1 296448
1 296960
1 297472
1 297984
1 298496
1 299008
1 299520
1 300032
1 300544
1 301056
1 301568
1 302080
1 302592
1 303104
1 303616
1 304128
1 304640
1 305152
1 305664
1 306176
1 306688
1 307200
1 307712
1 308224
1 308736
1 309248
1 309760
1 310272
1 310784
1 311296
1 311808
1 312320
1 312832
1 313344
1 313856
1 314368
1 314880
1 315392
1 315904
1 316416
1 316928
1 317440
1 317952
1 318464
1 318976
1 319488
1 320000
1 320512
1 321024
1 321536
1 322048
1 322560
1 323072
1 323584
1 324096
1 324608
1 325120
1 325632
1 326144
1 326656
1 327168
1 327680
1 328192
1 328704
1 329216
1 329728
1 330240
1 330752
1 331264
1 331776
1 332288
1 332800
1 333312
1 333824
1 334336
1 334848
1 335360
1 335872
1 336384
1 336896
1 337408
1 337920
1 338432
1 338944
1 339456
1 339968
1 340480
1 340992
1 341504
1 342016
1 342528
1 343040
1 343552
1 344064
1 344576
1 345088
1 345600
1 346112
1 346624
1 347136
1 347648
1 348160
1 348672
1 349184
1 349696
1 350208
1 350720
1 351232
1 351744
1 352256
1 352768
1 353280
1 353792
1 354304
1 354816
1 355328
1 355840
1 356352
1 356864
1 357376
1 357888
1 358400
1 358912
1 359424
1 359936
1 360448
1 360960
1 361472
1 361984
1 362496
1 363008
1 363520
1 364032
1 364544
1 365056
1 365568
1 366080
1 366592
1 367104
1 367616
1 368128
1 368640
1 369152
1 369664
1 370176
1 370688
1 371200
1 371712
1 372224
1 372736
1 373248
1 373760
1 374272
1 374784
1 375296
1 375808
1 376320
1 376832
1 377344
1 377856
1 378368
1 378880
1 379392
1 379904
1 380416
1 380928
1 381440
1 381952
1 382464
1 382976
1 383488
1 384000
1 384512
1 385024
1 385536
1 386048
1 386560
1 387072
1 387584
1 388096
1 388608
1 389120
1 389632
1 390144
1 390656
1 391168
1 391680
1 392192
1 392704
0 4294443008
1 4293918720
1 4293926912
1 4293935104
1 4293943296
1 4294180864
0 262144
0 270336
0 278528
0 286720
0 294912
0 303104
0 311296
0 319488
0 0
0 8192
0 16384
0 24576
0 32768
0 40960
0 49152
0 57344
0 131072
0 139264
0 147456
0 155648
0 163840
0 172032
0 180224
0 188416
1 393216
1 401408
1 409600
1 417792
1 425984
1 434176
1 442368
1 450560
1 4294180864
0 327680
0 335872
0 344064
0 352256
0 360448
0 368640
0 376832
0 385024
0 65536
0 73728
0 81920
0 90112
0 98304
0 106496
0 114688
0 122880
0 196608
0 204800
0 212992
0 221184
0 229376
0 237568
0 245760
0 253952
1 458752
1 466944
1 475136
1 483328
1 491520
1 499712
1 507904
1 516096
1 4294180864
0 262656
0 270848
0 279040
0 287232
0 295424
0 303616
0 311808
0 320000
0 512
0 8704
0 16896
0 25088
0 33280
0 41472
0 49664
0 57856
0 131584
0 139776
0 147968
0 156160
0 164352
0 172544
0 180736
0 188928
1 393728
1 401920
1 410112
1 418304
1 426496
1 434688
1 442880
1 451072
1 4294180864
0 328192
0 336384
0 344576
0 352768
0 360960
0 369152
0 377344
0 385536
0 66048
0 74240
0 82432
0 90624
0 98816
0 107008
0 115200
0 123392
0 197120
0 205312
0 213504
0 221696
0 229888
0 238080
0 246272
0 254464
1 459264
1 467456
1 475648
1 483840
1 492032
1 500224
1 508416
1 516608
0 4294705152
