1 1048576
1 1049088
1 1049600
1 1050112
1 1050624
1 1051136
1 1051648
1 1052160
1 1052672
1 1053184
1 1053696
1 1054208
1 1054720
1 1055232
1 1055744
1 1056256
1 1056768
1 1057280
1 1057792
1 1058304
1 1058816
1 1059328
1 1059840
1 1060352
1 1060864
1 1061376
1 1061888
1 1062400
1 1062912
1 1063424
1 1063936
1 1064448
1 1064960
1 1065472
1 1065984
1 1066496
1 1067008
1 1067520
1 1068032
1 1068544
1 1069056
1 1069568
1 1070080
1 1070592
1 1071104
1 1071616
1 1072128
1 1072640
1 1073152
1 1073664
1 1074176
1 1074688
1 1075200
1 1075712
1 1076224
1 1076736
1 1077248
1 1077760
1 1078272
1 1078784
1 1079296
1 1079808
1 1080320
1 1080832
1 1081344
1 1081856
1 1082368
1 1082880
1 1083392
1 1083904
1 1084416
1 1084928
1 1085440
1 1085952
1 1086464
1 1086976
1 1087488
1 1088000
1 1088512
1 1089024
1 1089536
1 1090048
1 1090560
1 1091072
1 1091584
1 1092096
1 1092608
1 1093120
1 1093632
1 1094144
1 1094656
1 1095168
1 1095680
1 1096192
1 1096704
1 1097216
1 1097728
1 1098240
1 1098752
1 1099264
1 1099776
1 1100288
1 1100800
1 1101312
1 1101824
1 1102336
1 1102848
1 1103360
1 1103872
1 1104384
1 1104896
1 1105408
1 1105920
1 1106432
1 1106944
1 1107456
1 1107968
1 1108480
1 1108992
1 1109504
1 1110016
1 1110528
1 1111040
1 1111552
1 1112064
1 1112576
1 1113088
1 1113600
1 1114112
1 1114624
1 1115136
1 1115648
1 1116160
1 1116672
1 1117184
1 1117696
1 1118208
1 1118720
1 1119232
1 1119744
1 1120256
1 1120768
1 1121280
1 1121792
1 1122304
1 1122816
1 1123328
1 1123840
1 1124352
1 1124864
1 1125376
1 1125888
1 1126400
1 1126912
1 1127424
1 1127936
1 1128448
1 1128960
1 1129472
1 1129984
1 1130496
1 1131008
1 1131520
1 1132032
1 1132544
1 1133056
1 1133568
1 1134080
1 1134592
1 1135104
1 1135616
1 1136128
1 1136640
1 1137152
1 1137664
1 1138176
1 1138688
1 1139200
1 1139712
1 1140224
1 1140736
1 1141248
1 1141760
1 1142272
1 1142784
1 1143296
1 1143808
1 1144320
1 1144832
1 1145344
1 1145856
1 1146368
1 1146880
1 1147392
1 1147904
1 1148416
1 1148928
1 1149440
1 1149952
1 1150464
1 1150976
1 1151488
1 1152000
1 1152512
1 1153024
1 1153536
1 1154048
1 1154560
1 1155072
1 1155584
1 1156096
1 1156608
1 1157120
1 1157632
1 1158144
1 1158656
1 1159168
1 1159680
1 1160192
1 1160704
1 1161216
1 1161728
1 1162240
1 1162752
1 1163264
1 1163776
1 1164288
1 1164800
1 1165312
1 1165824
1 1166336
1 1166848
1 1167360
1 1167872
1 1168384
1 1168896
1 1169408
1 1169920
1 1170432
1 1170944
1 1171456
1 1171968
1 1172480
1 1172992
1 1173504
1 1174016
1 1174528
1 1175040
1 1175552
1 1176064
1 1176576
1 1177088
1 1177600
1 1178112
1 1178624
1 1179136
1 1179648
1 1180160
1 1180672
1 1181184
1 1181696
1 1182208
1 1182720
1 1183232
1 1183744
1 1184256
1 1184768
1 1185280
1 1185792
1 1186304
1 1186816
1 1187328
1 1187840
1 1188352
1 1188864
1 1189376
1 1189888
1 1190400
1 1190912
1 1191424
1 1191936
1 1192448
1 1192960
1 1193472
1 1193984
1 1194496
1 1195008
1 1195520
1 1196032
1 1196544
1 1197056
1 1197568
1 1198080
1 1198592
1 1199104
1 1199616
1 1200128
1 1200640
1 1201152
1 1201664
1 1202176
1 1202688
1 1203200
1 1203712
1 1204224
1 1204736
1 1205248
1 1205760
1 1206272
1 1206784
1 1207296
1 1207808
1 1208320
1 1208832
1 1209344
1 1209856
1 1210368
1 1210880
1 1211392
1 1211904
1 1212416
1 1212928
1 1213440
1 1213952
1 1214464
1 1214976
1 1215488
1 1216000
1 1216512
1 1217024
1 1217536
1 1218048
1 1218560
1 1219072
1 1219584
1 1220096
1 1220608
1 1221120
1 1221632
1 1222144
1 1222656
1 1223168
1 1223680
1 1224192
1 1224704
1 1225216
1 1225728
1 1226240
1 1226752
1 1227264
1 1227776
1 1228288
1 1228800
1 1229312
1 1229824
1 1230336
1 1230848
1 1231360
1 1231872
1 1232384
1 1232896
1 1233408
1 1233920
1 1234432
1 1234944
1 1235456
1 1235968
1 1236480
1 1236992
1 1237504
1 1238016
1 1238528
1 1239040
1 1239552
1 1240064
1 1240576
1 1241088
1 1241600
1 1242112
1 1242624
1 1243136
1 1243648
1 1244160
1 1244672
1 1245184
1 1245696
1 1246208
1 1246720
1 1247232
1 1247744
1 1248256
1 1248768
1 1249280
1 1249792
1 1250304
1 1250816
1 1251328
1 1251840
1 1252352
1 1252864
1 1253376
1 1253888
1 1254400
1 1254912
1 1255424
1 1255936
1 1256448
1 1256960
1 1257472
1 1257984
1 1258496
1 1259008
1 1259520
1 1260032
1 1260544
1 1261056
1 1261568
1 1262080
1 1262592
1 1263104
1 1263616
1 1264128
1 1264640
1 1265152
1 1265664
1 1266176
1 1266688
1 1267200
1 1267712
1 1268224
1 1268736
1 1269248
1 1269760
1 1270272
1 1270784
1 1271296
1 1271808
1 1272320
1 1272832
1 1273344
1 1273856
1 1274368
1 1274880
1 1275392
1 1275904
1 1276416
1 1276928
1 1277440
1 1277952
1 1278464
1 1278976
1 1279488
1 1280000
1 1280512
1 1281024
1 1281536
1 1282048
1 1282560
1 1283072
1 1283584
1 1284096
1 1284608
1 1285120
1 1285632
1 1286144
1 1286656
1 1287168
1 1287680
1 1288192
1 1288704
1 1289216
1 1289728
1 1290240
1 1290752
1 1291264
1 1291776
1 1292288
1 1292800
1 1293312
1 1293824
1 1294336
1 1294848
1 1295360
1 1295872
1 1296384
1 1296896
1 1297408
1 1297920
1 1298432
1 1298944
1 1299456
1 1299968
1 1300480
1 1300992
1 1301504
1 1302016
1 1302528
1 1303040
1 1303552
1 1304064
1 1304576
1 1305088
1 1305600
1 1306112
1 1306624
1 1307136
1 1307648
1 1308160
1 1308672
1 1309184
1 1309696
1 1310208
1 1310720
1 1311232
1 1311744
1 1312256
1 1312768
1 1313280
1 1313792
1 1314304
1 1314816
1 1315328
1 1315840
1 1316352
1 1316864
1 1317376
1 1317888
1 1318400
1 1318912
1 1319424
1 1319936
1 1320448
1 1320960
1 1321472
1 1321984
1 1322496
1 1323008
1 1323520
1 1324032
1 1324544
1 1325056
1 1325568
1 1326080
1 1326592
1 1327104
1 1327616
1 1328128
1 1328640
1 1329152
1 1329664
1 1330176
1 1330688
1 1331200
1 1331712
1 1332224
1 1332736
1 1333248
1 1333760
1 1334272
1 1334784
1 1335296
1 1335808
1 1336320
1 1336832
1 1337344
1 1337856
1 1338368
1 1338880
1 1339392
1 1339904
1 1340416
1 1340928
1 1341440
1 1341952
1 1342464
1 1342976
1 1343488
1 1344000
1 1344512
1 1345024
1 1345536
1 1346048
1 1346560
1 1347072
1 1347584
1 1348096
1 1348608
1 1349120
1 1349632
1 1350144
1 1350656
1 1351168
1 1351680
1 1352192
1 1352704
1 1353216
1 1353728
1 1354240
1 1354752
1 1355264
1 1355776
1 1356288
1 1356800
1 1357312
1 1357824
1 1358336
1 1358848
1 1359360
1 1359872
1 1360384
1 1360896
1 1361408
1 1361920
1 1362432
1 1362944
1 1363456
1 1363968
1 1364480
1 1364992
1 1365504
1 1366016
1 1366528
1 1367040
1 1367552
1 1368064
1 1368576
1 1369088
1 1369600
1 1370112
1 1370624
1 1371136
1 1371648
1 1372160
1 1372672
1 1373184
1 1373696
1 1374208
1 1374720
1 1375232
1 1375744
1 1376256
1 1376768
1 1377280
1 1377792
1 1378304
1 1378816
1 1379328
1 1379840
1 1380352
1 1380864
1 1381376
1 1381888
1 1382400
1 1382912
1 1383424
1 1383936
1 1384448
1 1384960
1 1385472
1 1385984
1 1386496
1 1387008
1 1387520
1 1388032
1 1388544
1 1389056
1 1389568
1 1390080
1 1390592
1 1391104
1 1391616
1 1392128
1 1392640
1 1393152
1 1393664
1 1394176
1 1394688
1 1395200
1 1395712
1 1396224
1 1396736
1 1397248
1 1397760
1 1398272
1 1398784
1 1399296
1 1399808
1 1400320
1 1400832
1 1401344
1 1401856
1 1402368
1 1402880
1 1403392
1 1403904
1 1404416
1 1404928
1 1405440
1 1405952
1 1406464
1 1406976
1 1407488
1 1408000
1 1408512
1 1409024
1 1409536
1 1410048
1 1410560
1 1411072
1 1411584
1 1412096
1 1412608
1 1413120
1 1413632
1 1414144
1 1414656
1 1415168
1 1415680
1 1416192
1 1416704
1 1417216
1 1417728
1 1418240
1 1418752
1 1419264
1 1419776
1 1420288
1 1420800
1 1421312
1 1421824
1 1422336
1 1422848
1 1423360
1 1423872
1 1424384
1 1424896
1 1425408
1 1425920
1 1426432
1 1426944
1 1427456
1 1427968
1 1428480
1 1428992
1 1429504
1 1430016
1 1430528
1 1431040
1 1431552
1 1432064
1 1432576
1 1433088
1 1433600
1 1434112
1 1434624
1 1435136
1 1435648
1 1436160
1 1436672
1 1437184
1 1437696
1 1438208
1 1438720
1 1439232
1 1439744
1 1440256
1 1440768
1 1441280
1 1441792
1 1442304
1 1442816
1 1443328
1 1443840
1 1444352
1 1444864
1 1445376
1 1445888
1 1446400
1 1446912
1 1447424
1 1447936
1 1448448
1 1448960
1 1449472
1 1449984
1 1450496
1 1451008
1 1451520
1 1452032
1 1452544
1 1453056
1 1453568
1 1454080
1 1454592
1 1455104
1 1455616
1 1456128
1 1456640
1 1457152
1 1457664
1 1458176
1 1458688
1 1459200
1 1459712
1 1460224
1 1460736
1 1461248
1 1461760
1 1462272
1 1462784
1 1463296
1 1463808
1 1464320
1 1464832
1 1465344
1 1465856
1 1466368
1 1466880
1 1467392
1 1467904
1 1468416
1 1468928
1 1469440
1 1469952
1 1470464
1 1470976
1 1471488
1 1472000
1 1472512
1 1473024
1 1473536
1 1474048
1 1474560
1 1475072
1 1475584
1 1476096
1 1476608
1 1477120
1 1477632
1 1478144
1 1478656
1 1479168
1 1479680
1 1480192
1 1480704
1 1481216
1 1481728
1 1482240
1 1482752
1 1483264
1 1483776
1 1484288
1 1484800
1 1485312
1 1485824
1 1486336
1 1486848
1 1487360
1 1487872
1 1488384
1 1488896
1 1489408
1 1489920
1 1490432
1 1490944
1 1491456
1 1491968
1 1492480
1 1492992
1 1493504
1 1494016
1 1494528
1 1495040
1 1495552
1 1496064
1 1496576
1 1497088
1 1497600
1 1498112
1 1498624
1 1499136
1 1499648
1 1500160
1 1500672
1 1501184
1 1501696
1 1502208
1 1502720
1 1503232
1 1503744
1 1504256
1 1504768
1 1505280
1 1505792
1 1506304
1 1506816
1 1507328
1 1507840
1 1508352
1 1508864
1 1509376
1 1509888
1 1510400
1 1510912
1 1511424
1 1511936
1 1512448
1 1512960
1 1513472
1 1513984
1 1514496
1 1515008
1 1515520
1 1516032
1 1516544
1 1517056
1 1517568
1 1518080
1 1518592
1 1519104
1 1519616
1 1520128
1 1520640
1 1521152
1 1521664
1 1522176
1 1522688
1 1523200
1 1523712
1 1524224
1 1524736
1 1525248
1 1525760
1 1526272
1 1526784
1 1527296
1 1527808
1 1528320
1 1528832
1 1529344
1 1529856
1 1530368
1 1530880
1 1531392
1 1531904
1 1532416
1 1532928
1 1533440
1 1533952
1 1534464
1 1534976
1 1535488
1 1536000
1 1536512
1 1537024
1 1537536
1 1538048
1 1538560
1 1539072
1 1539584
1 1540096
1 1540608
1 1541120
1 1541632
1 1542144
1 1542656
1 1543168
1 1543680
1 1544192
1 1544704
1 1545216
1 1545728
1 1546240
1 1546752
1 1547264
1 1547776
1 1548288
1 1548800
1 1549312
1 1549824
1 1550336
1 1550848
1 1551360
1 1551872
1 1552384
1 1552896
1 1553408
1 1553920
1 1554432
1 1554944
1 1555456
1 1555968
1 1556480
1 1556992
1 1557504
1 1558016
1 1558528
1 1559040
1 1559552
1 1560064
1 1560576
1 1561088
1 1561600
1 1562112
1 1562624
1 1563136
1 1563648
1 1564160
1 1564672
1 1565184
1 1565696
1 1566208
1 1566720
1 1567232
1 1567744
1 1568256
1 1568768
1 1569280
1 1569792
1 1570304
1 1570816
1 1571328
1 1571840
1 1572352
0 4294443008
1 4293918720
1 4293926912
1 4293935104
1 4293943296
1 4294180864
0 1048576
0 1056768
0 1064960
0 1073152
0 1081344
0 1089536
0 1097728
0 1105920
0 0
0 8192
0 16384
0 24576
0 32768
0 40960
0 49152
0 57344
0 524288
0 532480
0 540672
0 548864
0 557056
0 565248
0 573440
0 581632
1 1572864
1 1581056
1 1589248
1 1597440
1 1605632
1 1613824
1 1622016
1 1630208
1 4294180864
0 1114112
0 1122304
0 1130496
0 1138688
0 1146880
0 1155072
0 1163264
0 1171456
0 65536
0 73728
0 81920
0 90112
0 98304
0 106496
0 114688
0 122880
0 589824
0 598016
0 606208
0 614400
0 622592
0 630784
0 638976
0 647168
1 1638400
1 1646592
1 1654784
1 1662976
1 1671168
1 1679360
1 1687552
1 1695744
1 4294180864
0 1179648
0 1187840
0 1196032
0 1204224
0 1212416
0 1220608
0 1228800
0 1236992
0 131072
0 139264
0 147456
0 155648
0 163840
0 172032
0 180224
0 188416
0 655360
0 663552
0 671744
0 679936
0 688128
0 696320
0 704512
0 712704
1 1703936
1 1712128
1 1720320
1 1728512
1 1736704
1 1744896
1 1753088
1 1761280
1 4294180864
0 1245184
0 1253376
0 1261568
0 1269760
0 1277952
0 1286144
0 1294336
0 1302528
0 196608
0 204800
0 212992
0 221184
0 229376
0 237568
0 245760
0 253952
0 720896
0 729088
0 737280
0 745472
0 753664
0 761856
0 770048
0 778240
1 1769472
1 1777664
1 1785856
1 1794048
1 1802240
1 1810432
1 1818624
1 1826816
1 4294180864
0 1310720
0 1318912
0 1327104
0 1335296
0 1343488
0 1351680
0 1359872
0 1368064
0 262144
0 270336
0 278528
0 286720
0 294912
0 303104
0 311296
0 319488
0 786432
0 794624
0 802816
0 811008
0 819200
0 827392
0 835584
0 843776
1 1835008
1 1843200
1 1851392
1 1859584
1 1867776
1 1875968
1 1884160
1 1892352
1 4294180864
0 1376256
0 1384448
0 1392640
0 1400832
0 1409024
0 1417216
0 1425408
0 1433600
0 327680
0 335872
0 344064
0 352256
0 360448
0 368640
0 376832
0 385024
0 851968
0 860160
0 868352
0 876544
0 884736
0 892928
0 901120
0 909312
1 1900544
1 1908736
1 1916928
1 1925120
1 1933312
1 1941504
1 1949696
1 1957888
1 4294180864
0 1441792
0 1449984
0 1458176
0 1466368
0 1474560
0 1482752
0 1490944
0 1499136
0 393216
0 401408
0 409600
0 417792
0 425984
0 434176
0 442368
0 450560
0 917504
0 925696
0 933888
0 942080
0 950272
0 958464
0 966656
0 974848
1 1966080
1 1974272
1 1982464
1 1990656
1 1998848
1 2007040
1 2015232
1 2023424
1 4294180864
0 1507328
0 1515520
0 1523712
0 1531904
0 1540096
0 1548288
0 1556480
0 1564672
0 458752
0 466944
0 475136
0 483328
0 491520
0 499712
0 507904
0 516096
0 983040
0 991232
0 999424
0 1007616
0 1015808
0 1024000
0 1032192
0 1040384
1 2031616
1 2039808
1 2048000
1 2056192
1 2064384
1 2072576
1 2080768
1 2088960
1 4294180864
0 1049088
0 1057280
0 1065472
0 1073664
0 1081856
0 1090048
0 1098240
0 1106432
0 512
0 8704
0 16896
0 25088
0 33280
0 41472
0 49664
0 57856
0 524800
0 532992
0 541184
0 549376
0 557568
0 565760
0 573952
0 582144
1 1573376
1 1581568
1 1589760
1 1597952
1 1606144
1 1614336
1 1622528
1 1630720
1 4294180864
0 1114624
0 1122816
0 1131008
0 1139200
0 1147392
0 1155584
0 1163776
0 1171968
0 66048
0 74240
0 82432
0 90624
0 98816
0 107008
0 115200
0 123392
0 590336
0 598528
0 606720
0 614912
0 623104
0 631296
0 639488
0 647680
1 1638912
1 1647104
1 1655296
1 1663488
1 1671680
1 1679872
1 1688064
1 1696256
1 4294180864
0 1180160
0 1188352
0 1196544
0 1204736
0 1212928
0 1221120
0 1229312
0 1237504
0 131584
0 139776
0 147968
0 156160
0 164352
0 172544
0 180736
0 188928
0 655872
0 664064
0 672256
0 680448
0 688640
0 696832
0 705024
0 713216
1 1704448
1 1712640
1 1720832
1 1729024
1 1737216
1 1745408
1 1753600
1 1761792
1 4294180864
0 1245696
0 1253888
0 1262080
0 1270272
0 1278464
0 1286656
0 1294848
0 1303040
0 197120
0 205312
0 213504
0 221696
0 229888
0 238080
0 246272
0 254464
0 721408
0 729600
0 737792
0 745984
0 754176
0 762368
0 770560
0 778752
1 1769984
1 1778176
1 1786368
1 1794560
1 1802752
1 1810944
1 1819136
1 1827328
1 4294180864
0 1311232
0 1319424
0 1327616
0 1335808
0 1344000
0 1352192
0 1360384
0 1368576
0 262656
0 270848
0 279040
0 287232
0 295424
0 303616
0 311808
0 320000
0 786944
0 795136
0 803328
0 811520
0 819712
0 827904
0 836096
0 844288
1 1835520
1 1843712
1 1851904
1 1860096
1 1868288
1 1876480
1 1884672
1 1892864
1 4294180864
0 1376768
0 1384960
0 1393152
0 1401344
0 1409536
0 1417728
0 1425920
0 1434112
0 328192
0 336384
0 344576
0 352768
0 360960
0 369152
0 377344
0 385536
0 852480
0 860672
0 868864
0 877056
0 885248
0 893440
0 901632
0 909824
1 1901056
1 1909248
1 1917440
1 1925632
1 1933824
1 1942016
1 1950208
1 1958400
1 4294180864
0 1442304
0 1450496
0 1458688
0 1466880
0 1475072
0 1483264
0 1491456
0 1499648
0 393728
0 401920
0 410112
0 418304
0 426496
0 434688
0 442880
0 451072
0 918016
0 926208
0 934400
0 942592
0 950784
0 958976
0 967168
0 975360
1 1966592
1 1974784
1 1982976
1 1991168
1 1999360
1 2007552
1 2015744
1 2023936
1 4294180864
0 1507840
0 1516032
0 1524224
0 1532416
0 1540608
0 1548800
0 1556992
0 1565184
0 459264
0 467456
0 475648
0 483840
0 492032
0 500224
0 508416
0 516608
0 983552
0 991744
0 999936
0 1008128
0 1016320
0 1024512
0 1032704
0 1040896
1 2032128
1 2040320
1 2048512
1 2056704
1 2064896
1 2073088
1 2081280
1 2089472
0 4294705152
