0 4294443008
1 4293918720
1 4293926912
1 4293935104
1 4293943296
1 4294180864
0 0
0 8192
0 16384
0 24576
0 32768
0 40960
0 49152
0 57344
0 262144
0 270336
0 278528
0 286720
0 294912
0 303104
0 311296
0 319488
1 524288
1 532480
1 540672
1 548864
1 557056
1 565248
1 573440
1 581632
1 4294180864
0 65536
0 73728
0 81920
0 90112
0 98304
0 106496
0 114688
0 122880
0 327680
0 335872
0 344064
0 352256
0 360448
0 368640
0 376832
0 385024
1 589824
1 598016
1 606208
1 614400
1 622592
1 630784
1 638976
1 647168
1 4294180864
0 131072
0 139264
0 147456
0 155648
0 163840
0 172032
0 180224
0 188416
0 393216
0 401408
0 409600
0 417792
0 425984
0 434176
0 442368
0 450560
1 655360
1 663552
1 671744
1 679936
1 688128
1 696320
1 704512
1 712704
1 4294180864
0 196608
0 204800
0 212992
0 221184
0 229376
0 237568
0 245760
0 253952
0 458752
0 466944
0 475136
0 483328
0 491520
0 499712
0 507904
0 516096
1 720896
1 729088
1 737280
1 745472
1 753664
1 761856
1 770048
1 778240
1 4294180864
0 512
0 8704
0 16896
0 25088
0 33280
0 41472
0 49664
0 57856
0 262656
0 270848
0 279040
0 287232
0 295424
0 303616
0 311808
0 320000
1 524800
1 532992
1 541184
1 549376
1 557568
1 565760
1 573952
1 582144
1 4294180864
0 66048
0 74240
0 82432
0 90624
0 98816
0 107008
0 115200
0 123392
0 328192
0 336384
0 344576
0 352768
0 360960
0 369152
0 377344
0 385536
1 590336
1 598528
1 606720
1 614912
1 623104
1 631296
1 639488
1 647680
1 4294180864
0 131584
0 139776
0 147968
0 156160
0 164352
0 172544
0 180736
0 188928
0 393728
0 401920
0 410112
0 418304
0 426496
0 434688
0 442880
0 451072
1 655872
1 664064
1 672256
1 680448
1 688640
1 696832
1 705024
1 713216
1 4294180864
0 197120
0 205312
0 213504
0 221696
0 229888
0 238080
0 246272
0 254464
0 459264
0 467456
0 475648
0 483840
0 492032
0 500224
0 508416
0 516608
1 721408
1 729600
1 737792
1 745984
1 754176
1 762368
1 770560
1 778752
0 4294705152
