0 4294443008
1 4293918720
1 4293926912
1 4293935104
1 4293943296
1 4294180864
0 0
0 8192
0 16384
0 24576
0 32768
0 40960
0 49152
0 57344
0 8388608
0 8396800
0 8404992
0 8413184
0 8421376
0 8429568
0 8437760
0 8445952
1 16777216
1 16785408
1 16793600
1 16801792
1 16809984
1 16818176
1 16826368
1 16834560
1 4294180864
0 65536
0 73728
0 81920
0 90112
0 98304
0 106496
0 114688
0 122880
0 8454144
0 8462336
0 8470528
0 8478720
0 8486912
0 8495104
0 8503296
0 8511488
1 16842752
1 16850944
1 16859136
1 16867328
1 16875520
1 16883712
1 16891904
1 16900096
1 4294180864
0 131072
0 139264
0 147456
0 155648
0 163840
0 172032
0 180224
0 188416
0 8519680
0 8527872
0 8536064
0 8544256
0 8552448
0 8560640
0 8568832
0 8577024
1 16908288
1 16916480
1 16924672
1 16932864
1 16941056
1 16949248
1 16957440
1 16965632
1 4294180864
0 196608
0 204800
0 212992
0 221184
0 229376
0 237568
0 245760
0 253952
0 8585216
0 8593408
0 8601600
0 8609792
0 8617984
0 8626176
0 8634368
0 8642560
1 16973824
1 16982016
1 16990208
1 16998400
1 17006592
1 17014784
1 17022976
1 17031168
1 4294180864
0 262144
0 270336
0 278528
0 286720
0 294912
0 303104
0 311296
0 319488
0 8650752
0 8658944
0 8667136
0 8675328
0 8683520
0 8691712
0 8699904
0 8708096
1 17039360
1 17047552
1 17055744
1 17063936
1 17072128
1 17080320
1 17088512
1 17096704
1 4294180864
0 327680
0 335872
0 344064
0 352256
0 360448
0 368640
0 376832
0 385024
0 8716288
0 8724480
0 8732672
0 8740864
0 8749056
0 8757248
0 8765440
0 8773632
1 17104896
1 17113088
1 17121280
1 17129472
1 17137664
1 17145856
1 17154048
1 17162240
1 4294180864
0 393216
0 401408
0 409600
0 417792
0 425984
0 434176
0 442368
0 450560
0 8781824
0 8790016
0 8798208
0 8806400
0 8814592
0 8822784
0 8830976
0 8839168
1 17170432
1 17178624
1 17186816
1 17195008
1 17203200
1 17211392
1 17219584
1 17227776
1 4294180864
0 458752
0 466944
0 475136
0 483328
0 491520
0 499712
0 507904
0 516096
0 8847360
0 8855552
0 8863744
0 8871936
0 8880128
0 8888320
0 8896512
0 8904704
1 17235968
1 17244160
1 17252352
1 17260544
1 17268736
1 17276928
1 17285120
1 17293312
1 4294180864
0 524288
0 532480
0 540672
0 548864
0 557056
0 565248
0 573440
0 581632
0 8912896
0 8921088
0 8929280
0 8937472
0 8945664
0 8953856
0 8962048
0 8970240
1 17301504
1 17309696
1 17317888
1 17326080
1 17334272
1 17342464
1 17350656
1 17358848
1 4294180864
0 589824
0 598016
0 606208
0 614400
0 622592
0 630784
0 638976
0 647168
0 8978432
0 8986624
0 8994816
0 9003008
0 9011200
0 9019392
0 9027584
0 9035776
1 17367040
1 17375232
1 17383424
1 17391616
1 17399808
1 17408000
1 17416192
1 17424384
1 4294180864
0 655360
0 663552
0 671744
0 679936
0 688128
0 696320
0 704512
0 712704
0 9043968
0 9052160
0 9060352
0 9068544
0 9076736
0 9084928
0 9093120
0 9101312
1 17432576
1 17440768
1 17448960
1 17457152
1 17465344
1 17473536
1 17481728
1 17489920
1 4294180864
0 720896
0 729088
0 737280
0 745472
0 753664
0 761856
0 770048
0 778240
0 9109504
0 9117696
0 9125888
0 9134080
0 9142272
0 9150464
0 9158656
0 9166848
1 17498112
1 17506304
1 17514496
1 17522688
1 17530880
1 17539072
1 17547264
1 17555456
1 4294180864
0 786432
0 794624
0 802816
0 811008
0 819200
0 827392
0 835584
0 843776
0 9175040
0 9183232
0 9191424
0 9199616
0 9207808
0 9216000
0 9224192
0 9232384
1 17563648
1 17571840
1 17580032
1 17588224
1 17596416
1 17604608
1 17612800
1 17620992
1 4294180864
0 851968
0 860160
0 868352
0 876544
0 884736
0 892928
0 901120
0 909312
0 9240576
0 9248768
0 9256960
0 9265152
0 9273344
0 9281536
0 9289728
0 9297920
1 17629184
1 17637376
1 17645568
1 17653760
1 17661952
1 17670144
1 17678336
1 17686528
1 4294180864
0 917504
0 925696
0 933888
0 942080
0 950272
0 958464
0 966656
0 974848
0 9306112
0 9314304
0 9322496
0 9330688
0 9338880
0 9347072
0 9355264
0 9363456
1 17694720
1 17702912
1 17711104
1 17719296
1 17727488
1 17735680
1 17743872
1 17752064
1 4294180864
0 983040
0 991232
0 999424
0 1007616
0 1015808
0 1024000
0 1032192
0 1040384
0 9371648
0 9379840
0 9388032
0 9396224
0 9404416
0 9412608
0 9420800
0 9428992
1 17760256
1 17768448
1 17776640
1 17784832
1 17793024
1 17801216
1 17809408
1 17817600
1 4294180864
0 1048576
0 1056768
0 1064960
0 1073152
0 1081344
0 1089536
0 1097728
0 1105920
0 9437184
0 9445376
0 9453568
0 9461760
0 9469952
0 9478144
0 9486336
0 9494528
1 17825792
1 17833984
1 17842176
1 17850368
1 17858560
1 17866752
1 17874944
1 17883136
1 4294180864
0 1114112
0 1122304
0 1130496
0 1138688
0 1146880
0 1155072
0 1163264
0 1171456
0 9502720
0 9510912
0 9519104
0 9527296
0 9535488
0 9543680
0 9551872
0 9560064
1 17891328
1 17899520
1 17907712
1 17915904
1 17924096
1 17932288
1 17940480
1 17948672
1 4294180864
0 1179648
0 1187840
0 1196032
0 1204224
0 1212416
0 1220608
0 1228800
0 1236992
0 9568256
0 9576448
0 9584640
0 9592832
0 9601024
0 9609216
0 9617408
0 9625600
1 17956864
1 17965056
1 17973248
1 17981440
1 17989632
1 17997824
1 18006016
1 18014208
1 4294180864
0 1245184
0 1253376
0 1261568
0 1269760
0 1277952
0 1286144
0 1294336
0 1302528
0 9633792
0 9641984
0 9650176
0 9658368
0 9666560
0 9674752
0 9682944
0 9691136
1 18022400
1 18030592
1 18038784
1 18046976
1 18055168
1 18063360
1 18071552
1 18079744
1 4294180864
0 1310720
0 1318912
0 1327104
0 1335296
0 1343488
0 1351680
0 1359872
0 1368064
0 9699328
0 9707520
0 9715712
0 9723904
0 9732096
0 9740288
0 9748480
0 9756672
1 18087936
1 18096128
1 18104320
1 18112512
1 18120704
1 18128896
1 18137088
1 18145280
1 4294180864
0 1376256
0 1384448
0 1392640
0 1400832
0 1409024
0 1417216
0 1425408
0 1433600
0 9764864
0 9773056
0 9781248
0 9789440
0 9797632
0 9805824
0 9814016
0 9822208
1 18153472
1 18161664
1 18169856
1 18178048
1 18186240
1 18194432
1 18202624
1 18210816
1 4294180864
0 1441792
0 1449984
0 1458176
0 1466368
0 1474560
0 1482752
0 1490944
0 1499136
0 9830400
0 9838592
0 9846784
0 9854976
0 9863168
0 9871360
0 9879552
0 9887744
1 18219008
1 18227200
1 18235392
1 18243584
1 18251776
1 18259968
1 18268160
1 18276352
1 4294180864
0 1507328
0 1515520
0 1523712
0 1531904
0 1540096
0 1548288
0 1556480
0 1564672
0 9895936
0 9904128
0 9912320
0 9920512
0 9928704
0 9936896
0 9945088
0 9953280
1 18284544
1 18292736
1 18300928
1 18309120
1 18317312
1 18325504
1 18333696
1 18341888
1 4294180864
0 1572864
0 1581056
0 1589248
0 1597440
0 1605632
0 1613824
0 1622016
0 1630208
0 9961472
0 9969664
0 9977856
0 9986048
0 9994240
0 10002432
0 10010624
0 10018816
1 18350080
1 18358272
1 18366464
1 18374656
1 18382848
1 18391040
1 18399232
1 18407424
1 4294180864
0 1638400
0 1646592
0 1654784
0 1662976
0 1671168
0 1679360
0 1687552
0 1695744
0 10027008
0 10035200
0 10043392
0 10051584
0 10059776
0 10067968
0 10076160
0 10084352
1 18415616
1 18423808
1 18432000
1 18440192
1 18448384
1 18456576
1 18464768
1 18472960
1 4294180864
0 1703936
0 1712128
0 1720320
0 1728512
0 1736704
0 1744896
0 1753088
0 1761280
0 10092544
0 10100736
0 10108928
0 10117120
0 10125312
0 10133504
0 10141696
0 10149888
1 18481152
1 18489344
1 18497536
1 18505728
1 18513920
1 18522112
1 18530304
1 18538496
1 4294180864
0 1769472
0 1777664
0 1785856
0 1794048
0 1802240
0 1810432
0 1818624
0 1826816
0 10158080
0 10166272
0 10174464
0 10182656
0 10190848
0 10199040
0 10207232
0 10215424
1 18546688
1 18554880
1 18563072
1 18571264
1 18579456
1 18587648
1 18595840
1 18604032
1 4294180864
0 1835008
0 1843200
0 1851392
0 1859584
0 1867776
0 1875968
0 1884160
0 1892352
0 10223616
0 10231808
0 10240000
0 10248192
0 10256384
0 10264576
0 10272768
0 10280960
1 18612224
1 18620416
1 18628608
1 18636800
1 18644992
1 18653184
1 18661376
1 18669568
1 4294180864
0 1900544
0 1908736
0 1916928
0 1925120
0 1933312
0 1941504
0 1949696
0 1957888
0 10289152
0 10297344
0 10305536
0 10313728
0 10321920
0 10330112
0 10338304
0 10346496
1 18677760
1 18685952
1 18694144
1 18702336
1 18710528
1 18718720
1 18726912
1 18735104
1 4294180864
0 1966080
0 1974272
0 1982464
0 1990656
0 1998848
0 2007040
0 2015232
0 2023424
0 10354688
0 10362880
0 10371072
0 10379264
0 10387456
0 10395648
0 10403840
0 10412032
1 18743296
1 18751488
1 18759680
1 18767872
1 18776064
1 18784256
1 18792448
1 18800640
1 4294180864
0 2031616
0 2039808
0 2048000
0 2056192
0 2064384
0 2072576
0 2080768
0 2088960
0 10420224
0 10428416
0 10436608
0 10444800
0 10452992
0 10461184
0 10469376
0 10477568
1 18808832
1 18817024
1 18825216
1 18833408
1 18841600
1 18849792
1 18857984
1 18866176
1 4294180864
0 2097152
0 2105344
0 2113536
0 2121728
0 2129920
0 2138112
0 2146304
0 2154496
0 10485760
0 10493952
0 10502144
0 10510336
0 10518528
0 10526720
0 10534912
0 10543104
1 18874368
1 18882560
1 18890752
1 18898944
1 18907136
1 18915328
1 18923520
1 18931712
1 4294180864
0 2162688
0 2170880
0 2179072
0 2187264
0 2195456
0 2203648
0 2211840
0 2220032
0 10551296
0 10559488
0 10567680
0 10575872
0 10584064
0 10592256
0 10600448
0 10608640
1 18939904
1 18948096
1 18956288
1 18964480
1 18972672
1 18980864
1 18989056
1 18997248
1 4294180864
0 2228224
0 2236416
0 2244608
0 2252800
0 2260992
0 2269184
0 2277376
0 2285568
0 10616832
0 10625024
0 10633216
0 10641408
0 10649600
0 10657792
0 10665984
0 10674176
1 19005440
1 19013632
1 19021824
1 19030016
1 19038208
1 19046400
1 19054592
1 19062784
1 4294180864
0 2293760
0 2301952
0 2310144
0 2318336
0 2326528
0 2334720
0 2342912
0 2351104
0 10682368
0 10690560
0 10698752
0 10706944
0 10715136
0 10723328
0 10731520
0 10739712
1 19070976
1 19079168
1 19087360
1 19095552
1 19103744
1 19111936
1 19120128
1 19128320
1 4294180864
0 2359296
0 2367488
0 2375680
0 2383872
0 2392064
0 2400256
0 2408448
0 2416640
0 10747904
0 10756096
0 10764288
0 10772480
0 10780672
0 10788864
0 10797056
0 10805248
1 19136512
1 19144704
1 19152896
1 19161088
1 19169280
1 19177472
1 19185664
1 19193856
1 4294180864
0 2424832
0 2433024
0 2441216
0 2449408
0 2457600
0 2465792
0 2473984
0 2482176
0 10813440
0 10821632
0 10829824
0 10838016
0 10846208
0 10854400
0 10862592
0 10870784
1 19202048
1 19210240
1 19218432
1 19226624
1 19234816
1 19243008
1 19251200
1 19259392
1 4294180864
0 2490368
0 2498560
0 2506752
0 2514944
0 2523136
0 2531328
0 2539520
0 2547712
0 10878976
0 10887168
0 10895360
0 10903552
0 10911744
0 10919936
0 10928128
0 10936320
1 19267584
1 19275776
1 19283968
1 19292160
1 19300352
1 19308544
1 19316736
1 19324928
1 4294180864
0 2555904
0 2564096
0 2572288
0 2580480
0 2588672
0 2596864
0 2605056
0 2613248
0 10944512
0 10952704
0 10960896
0 10969088
0 10977280
0 10985472
0 10993664
0 11001856
1 19333120
1 19341312
1 19349504
1 19357696
1 19365888
1 19374080
1 19382272
1 19390464
1 4294180864
0 2621440
0 2629632
0 2637824
0 2646016
0 2654208
0 2662400
0 2670592
0 2678784
0 11010048
0 11018240
0 11026432
0 11034624
0 11042816
0 11051008
0 11059200
0 11067392
1 19398656
1 19406848
1 19415040
1 19423232
1 19431424
1 19439616
1 19447808
1 19456000
1 4294180864
0 2686976
0 2695168
0 2703360
0 2711552
0 2719744
0 2727936
0 2736128
0 2744320
0 11075584
0 11083776
0 11091968
0 11100160
0 11108352
0 11116544
0 11124736
0 11132928
1 19464192
1 19472384
1 19480576
1 19488768
1 19496960
1 19505152
1 19513344
1 19521536
1 4294180864
0 2752512
0 2760704
0 2768896
0 2777088
0 2785280
0 2793472
0 2801664
0 2809856
0 11141120
0 11149312
0 11157504
0 11165696
0 11173888
0 11182080
0 11190272
0 11198464
1 19529728
1 19537920
1 19546112
1 19554304
1 19562496
1 19570688
1 19578880
1 19587072
1 4294180864
0 2818048
0 2826240
0 2834432
0 2842624
0 2850816
0 2859008
0 2867200
0 2875392
0 11206656
0 11214848
0 11223040
0 11231232
0 11239424
0 11247616
0 11255808
0 11264000
1 19595264
1 19603456
1 19611648
1 19619840
1 19628032
1 19636224
1 19644416
1 19652608
1 4294180864
0 2883584
0 2891776
0 2899968
0 2908160
0 2916352
0 2924544
0 2932736
0 2940928
0 11272192
0 11280384
0 11288576
0 11296768
0 11304960
0 11313152
0 11321344
0 11329536
1 19660800
1 19668992
1 19677184
1 19685376
1 19693568
1 19701760
1 19709952
1 19718144
1 4294180864
0 2949120
0 2957312
0 2965504
0 2973696
0 2981888
0 2990080
0 2998272
0 3006464
0 11337728
0 11345920
0 11354112
0 11362304
0 11370496
0 11378688
0 11386880
0 11395072
1 19726336
1 19734528
1 19742720
1 19750912
1 19759104
1 19767296
1 19775488
1 19783680
1 4294180864
0 3014656
0 3022848
0 3031040
0 3039232
0 3047424
0 3055616
0 3063808
0 3072000
0 11403264
0 11411456
0 11419648
0 11427840
0 11436032
0 11444224
0 11452416
0 11460608
1 19791872
1 19800064
1 19808256
1 19816448
1 19824640
1 19832832
1 19841024
1 19849216
1 4294180864
0 3080192
0 3088384
0 3096576
0 3104768
0 3112960
0 3121152
0 3129344
0 3137536
0 11468800
0 11476992
0 11485184
0 11493376
0 11501568
0 11509760
0 11517952
0 11526144
1 19857408
1 19865600
1 19873792
1 19881984
1 19890176
1 19898368
1 19906560
1 19914752
1 4294180864
0 3145728
0 3153920
0 3162112
0 3170304
0 3178496
0 3186688
0 3194880
0 3203072
0 11534336
0 11542528
0 11550720
0 11558912
0 11567104
0 11575296
0 11583488
0 11591680
1 19922944
1 19931136
1 19939328
1 19947520
1 19955712
1 19963904
1 19972096
1 19980288
1 4294180864
0 3211264
0 3219456
0 3227648
0 3235840
0 3244032
0 3252224
0 3260416
0 3268608
0 11599872
0 11608064
0 11616256
0 11624448
0 11632640
0 11640832
0 11649024
0 11657216
1 19988480
1 19996672
1 20004864
1 20013056
1 20021248
1 20029440
1 20037632
1 20045824
1 4294180864
0 3276800
0 3284992
0 3293184
0 3301376
0 3309568
0 3317760
0 3325952
0 3334144
0 11665408
0 11673600
0 11681792
0 11689984
0 11698176
0 11706368
0 11714560
0 11722752
1 20054016
1 20062208
1 20070400
1 20078592
1 20086784
1 20094976
1 20103168
1 20111360
1 4294180864
0 3342336
0 3350528
0 3358720
0 3366912
0 3375104
0 3383296
0 3391488
0 3399680
0 11730944
0 11739136
0 11747328
0 11755520
0 11763712
0 11771904
0 11780096
0 11788288
1 20119552
1 20127744
1 20135936
1 20144128
1 20152320
1 20160512
1 20168704
1 20176896
1 4294180864
0 3407872
0 3416064
0 3424256
0 3432448
0 3440640
0 3448832
0 3457024
0 3465216
0 11796480
0 11804672
0 11812864
0 11821056
0 11829248
0 11837440
0 11845632
0 11853824
1 20185088
1 20193280
1 20201472
1 20209664
1 20217856
1 20226048
1 20234240
1 20242432
1 4294180864
0 3473408
0 3481600
0 3489792
0 3497984
0 3506176
0 3514368
0 3522560
0 3530752
0 11862016
0 11870208
0 11878400
0 11886592
0 11894784
0 11902976
0 11911168
0 11919360
1 20250624
1 20258816
1 20267008
1 20275200
1 20283392
1 20291584
1 20299776
1 20307968
1 4294180864
0 3538944
0 3547136
0 3555328
0 3563520
0 3571712
0 3579904
0 3588096
0 3596288
0 11927552
0 11935744
0 11943936
0 11952128
0 11960320
0 11968512
0 11976704
0 11984896
1 20316160
1 20324352
1 20332544
1 20340736
1 20348928
1 20357120
1 20365312
1 20373504
1 4294180864
0 3604480
0 3612672
0 3620864
0 3629056
0 3637248
0 3645440
0 3653632
0 3661824
0 11993088
0 12001280
0 12009472
0 12017664
0 12025856
0 12034048
0 12042240
0 12050432
1 20381696
1 20389888
1 20398080
1 20406272
1 20414464
1 20422656
1 20430848
1 20439040
1 4294180864
0 3670016
0 3678208
0 3686400
0 3694592
0 3702784
0 3710976
0 3719168
0 3727360
0 12058624
0 12066816
0 12075008
0 12083200
0 12091392
0 12099584
0 12107776
0 12115968
1 20447232
1 20455424
1 20463616
1 20471808
1 20480000
1 20488192
1 20496384
1 20504576
1 4294180864
0 3735552
0 3743744
0 3751936
0 3760128
0 3768320
0 3776512
0 3784704
0 3792896
0 12124160
0 12132352
0 12140544
0 12148736
0 12156928
0 12165120
0 12173312
0 12181504
1 20512768
1 20520960
1 20529152
1 20537344
1 20545536
1 20553728
1 20561920
1 20570112
1 4294180864
0 3801088
0 3809280
0 3817472
0 3825664
0 3833856
0 3842048
0 3850240
0 3858432
0 12189696
0 12197888
0 12206080
0 12214272
0 12222464
0 12230656
0 12238848
0 12247040
1 20578304
1 20586496
1 20594688
1 20602880
1 20611072
1 20619264
1 20627456
1 20635648
1 4294180864
0 3866624
0 3874816
0 3883008
0 3891200
0 3899392
0 3907584
0 3915776
0 3923968
0 12255232
0 12263424
0 12271616
0 12279808
0 12288000
0 12296192
0 12304384
0 12312576
1 20643840
1 20652032
1 20660224
1 20668416
1 20676608
1 20684800
1 20692992
1 20701184
1 4294180864
0 3932160
0 3940352
0 3948544
0 3956736
0 3964928
0 3973120
0 3981312
0 3989504
0 12320768
0 12328960
0 12337152
0 12345344
0 12353536
0 12361728
0 12369920
0 12378112
1 20709376
1 20717568
1 20725760
1 20733952
1 20742144
1 20750336
1 20758528
1 20766720
1 4294180864
0 3997696
0 4005888
0 4014080
0 4022272
0 4030464
0 4038656
0 4046848
0 4055040
0 12386304
0 12394496
0 12402688
0 12410880
0 12419072
0 12427264
0 12435456
0 12443648
1 20774912
1 20783104
1 20791296
1 20799488
1 20807680
1 20815872
1 20824064
1 20832256
1 4294180864
0 4063232
0 4071424
0 4079616
0 4087808
0 4096000
0 4104192
0 4112384
0 4120576
0 12451840
0 12460032
0 12468224
0 12476416
0 12484608
0 12492800
0 12500992
0 12509184
1 20840448
1 20848640
1 20856832
1 20865024
1 20873216
1 20881408
1 20889600
1 20897792
1 4294180864
0 4128768
0 4136960
0 4145152
0 4153344
0 4161536
0 4169728
0 4177920
0 4186112
0 12517376
0 12525568
0 12533760
0 12541952
0 12550144
0 12558336
0 12566528
0 12574720
1 20905984
1 20914176
1 20922368
1 20930560
1 20938752
1 20946944
1 20955136
1 20963328
1 4294180864
0 4194304
0 4202496
0 4210688
0 4218880
0 4227072
0 4235264
0 4243456
0 4251648
0 12582912
0 12591104
0 12599296
0 12607488
0 12615680
0 12623872
0 12632064
0 12640256
1 20971520
1 20979712
1 20987904
1 20996096
1 21004288
1 21012480
1 21020672
1 21028864
1 4294180864
0 4259840
0 4268032
0 4276224
0 4284416
0 4292608
0 4300800
0 4308992
0 4317184
0 12648448
0 12656640
0 12664832
0 12673024
0 12681216
0 12689408
0 12697600
0 12705792
1 21037056
1 21045248
1 21053440
1 21061632
1 21069824
1 21078016
1 21086208
1 21094400
1 4294180864
0 4325376
0 4333568
0 4341760
0 4349952
0 4358144
0 4366336
0 4374528
0 4382720
0 12713984
0 12722176
0 12730368
0 12738560
0 12746752
0 12754944
0 12763136
0 12771328
1 21102592
1 21110784
1 21118976
1 21127168
1 21135360
1 21143552
1 21151744
1 21159936
1 4294180864
0 4390912
0 4399104
0 4407296
0 4415488
0 4423680
0 4431872
0 4440064
0 4448256
0 12779520
0 12787712
0 12795904
0 12804096
0 12812288
0 12820480
0 12828672
0 12836864
1 21168128
1 21176320
1 21184512
1 21192704
1 21200896
1 21209088
1 21217280
1 21225472
1 4294180864
0 4456448
0 4464640
0 4472832
0 4481024
0 4489216
0 4497408
0 4505600
0 4513792
0 12845056
0 12853248
0 12861440
0 12869632
0 12877824
0 12886016
0 12894208
0 12902400
1 21233664
1 21241856
1 21250048
1 21258240
1 21266432
1 21274624
1 21282816
1 21291008
1 4294180864
0 4521984
0 4530176
0 4538368
0 4546560
0 4554752
0 4562944
0 4571136
0 4579328
0 12910592
0 12918784
0 12926976
0 12935168
0 12943360
0 12951552
0 12959744
0 12967936
1 21299200
1 21307392
1 21315584
1 21323776
1 21331968
1 21340160
1 21348352
1 21356544
1 4294180864
0 4587520
0 4595712
0 4603904
0 4612096
0 4620288
0 4628480
0 4636672
0 4644864
0 12976128
0 12984320
0 12992512
0 13000704
0 13008896
0 13017088
0 13025280
0 13033472
1 21364736
1 21372928
1 21381120
1 21389312
1 21397504
1 21405696
1 21413888
1 21422080
1 4294180864
0 4653056
0 4661248
0 4669440
0 4677632
0 4685824
0 4694016
0 4702208
0 4710400
0 13041664
0 13049856
0 13058048
0 13066240
0 13074432
0 13082624
0 13090816
0 13099008
1 21430272
1 21438464
1 21446656
1 21454848
1 21463040
1 21471232
1 21479424
1 21487616
1 4294180864
0 4718592
0 4726784
0 4734976
0 4743168
0 4751360
0 4759552
0 4767744
0 4775936
0 13107200
0 13115392
0 13123584
0 13131776
0 13139968
0 13148160
0 13156352
0 13164544
1 21495808
1 21504000
1 21512192
1 21520384
1 21528576
1 21536768
1 21544960
1 21553152
1 4294180864
0 4784128
0 4792320
0 4800512
0 4808704
0 4816896
0 4825088
0 4833280
0 4841472
0 13172736
0 13180928
0 13189120
0 13197312
0 13205504
0 13213696
0 13221888
0 13230080
1 21561344
1 21569536
1 21577728
1 21585920
1 21594112
1 21602304
1 21610496
1 21618688
1 4294180864
0 4849664
0 4857856
0 4866048
0 4874240
0 4882432
0 4890624
0 4898816
0 4907008
0 13238272
0 13246464
0 13254656
0 13262848
0 13271040
0 13279232
0 13287424
0 13295616
1 21626880
1 21635072
1 21643264
1 21651456
1 21659648
1 21667840
1 21676032
1 21684224
1 4294180864
0 4915200
0 4923392
0 4931584
0 4939776
0 4947968
0 4956160
0 4964352
0 4972544
0 13303808
0 13312000
0 13320192
0 13328384
0 13336576
0 13344768
0 13352960
0 13361152
1 21692416
1 21700608
1 21708800
1 21716992
1 21725184
1 21733376
1 21741568
1 21749760
1 4294180864
0 4980736
0 4988928
0 4997120
0 5005312
0 5013504
0 5021696
0 5029888
0 5038080
0 13369344
0 13377536
0 13385728
0 13393920
0 13402112
0 13410304
0 13418496
0 13426688
1 21757952
1 21766144
1 21774336
1 21782528
1 21790720
1 21798912
1 21807104
1 21815296
1 4294180864
0 5046272
0 5054464
0 5062656
0 5070848
0 5079040
0 5087232
0 5095424
0 5103616
0 13434880
0 13443072
0 13451264
0 13459456
0 13467648
0 13475840
0 13484032
0 13492224
1 21823488
1 21831680
1 21839872
1 21848064
1 21856256
1 21864448
1 21872640
1 21880832
1 4294180864
0 5111808
0 5120000
0 5128192
0 5136384
0 5144576
0 5152768
0 5160960
0 5169152
0 13500416
0 13508608
0 13516800
0 13524992
0 13533184
0 13541376
0 13549568
0 13557760
1 21889024
1 21897216
1 21905408
1 21913600
1 21921792
1 21929984
1 21938176
1 21946368
1 4294180864
0 5177344
0 5185536
0 5193728
0 5201920
0 5210112
0 5218304
0 5226496
0 5234688
0 13565952
0 13574144
0 13582336
0 13590528
0 13598720
0 13606912
0 13615104
0 13623296
1 21954560
1 21962752
1 21970944
1 21979136
1 21987328
1 21995520
1 22003712
1 22011904
1 4294180864
0 5242880
0 5251072
0 5259264
0 5267456
0 5275648
0 5283840
0 5292032
0 5300224
0 13631488
0 13639680
0 13647872
0 13656064
0 13664256
0 13672448
0 13680640
0 13688832
1 22020096
1 22028288
1 22036480
1 22044672
1 22052864
1 22061056
1 22069248
1 22077440
1 4294180864
0 5308416
0 5316608
0 5324800
0 5332992
0 5341184
0 5349376
0 5357568
0 5365760
0 13697024
0 13705216
0 13713408
0 13721600
0 13729792
0 13737984
0 13746176
0 13754368
1 22085632
1 22093824
1 22102016
1 22110208
1 22118400
1 22126592
1 22134784
1 22142976
1 4294180864
0 5373952
0 5382144
0 5390336
0 5398528
0 5406720
0 5414912
0 5423104
0 5431296
0 13762560
0 13770752
0 13778944
0 13787136
0 13795328
0 13803520
0 13811712
0 13819904
1 22151168
1 22159360
1 22167552
1 22175744
1 22183936
1 22192128
1 22200320
1 22208512
1 4294180864
0 5439488
0 5447680
0 5455872
0 5464064
0 5472256
0 5480448
0 5488640
0 5496832
0 13828096
0 13836288
0 13844480
0 13852672
0 13860864
0 13869056
0 13877248
0 13885440
1 22216704
1 22224896
1 22233088
1 22241280
1 22249472
1 22257664
1 22265856
1 22274048
1 4294180864
0 5505024
0 5513216
0 5521408
0 5529600
0 5537792
0 5545984
0 5554176
0 5562368
0 13893632
0 13901824
0 13910016
0 13918208
0 13926400
0 13934592
0 13942784
0 13950976
1 22282240
1 22290432
1 22298624
1 22306816
1 22315008
1 22323200
1 22331392
1 22339584
1 4294180864
0 5570560
0 5578752
0 5586944
0 5595136
0 5603328
0 5611520
0 5619712
0 5627904
0 13959168
0 13967360
0 13975552
0 13983744
0 13991936
0 14000128
0 14008320
0 14016512
1 22347776
1 22355968
1 22364160
1 22372352
1 22380544
1 22388736
1 22396928
1 22405120
1 4294180864
0 5636096
0 5644288
0 5652480
0 5660672
0 5668864
0 5677056
0 5685248
0 5693440
0 14024704
0 14032896
0 14041088
0 14049280
0 14057472
0 14065664
0 14073856
0 14082048
1 22413312
1 22421504
1 22429696
1 22437888
1 22446080
1 22454272
1 22462464
1 22470656
1 4294180864
0 5701632
0 5709824
0 5718016
0 5726208
0 5734400
0 5742592
0 5750784
0 5758976
0 14090240
0 14098432
0 14106624
0 14114816
0 14123008
0 14131200
0 14139392
0 14147584
1 22478848
1 22487040
1 22495232
1 22503424
1 22511616
1 22519808
1 22528000
1 22536192
1 4294180864
0 5767168
0 5775360
0 5783552
0 5791744
0 5799936
0 5808128
0 5816320
0 5824512
0 14155776
0 14163968
0 14172160
0 14180352
0 14188544
0 14196736
0 14204928
0 14213120
1 22544384
1 22552576
1 22560768
1 22568960
1 22577152
1 22585344
1 22593536
1 22601728
1 4294180864
0 5832704
0 5840896
0 5849088
0 5857280
0 5865472
0 5873664
0 5881856
0 5890048
0 14221312
0 14229504
0 14237696
0 14245888
0 14254080
0 14262272
0 14270464
0 14278656
1 22609920
1 22618112
1 22626304
1 22634496
1 22642688
1 22650880
1 22659072
1 22667264
1 4294180864
0 5898240
0 5906432
0 5914624
0 5922816
0 5931008
0 5939200
0 5947392
0 5955584
0 14286848
0 14295040
0 14303232
0 14311424
0 14319616
0 14327808
0 14336000
0 14344192
1 22675456
1 22683648
1 22691840
1 22700032
1 22708224
1 22716416
1 22724608
1 22732800
1 4294180864
0 5963776
0 5971968
0 5980160
0 5988352
0 5996544
0 6004736
0 6012928
0 6021120
0 14352384
0 14360576
0 14368768
0 14376960
0 14385152
0 14393344
0 14401536
0 14409728
1 22740992
1 22749184
1 22757376
1 22765568
1 22773760
1 22781952
1 22790144
1 22798336
1 4294180864
0 6029312
0 6037504
0 6045696
0 6053888
0 6062080
0 6070272
0 6078464
0 6086656
0 14417920
0 14426112
0 14434304
0 14442496
0 14450688
0 14458880
0 14467072
0 14475264
1 22806528
1 22814720
1 22822912
1 22831104
1 22839296
1 22847488
1 22855680
1 22863872
1 4294180864
0 6094848
0 6103040
0 6111232
0 6119424
0 6127616
0 6135808
0 6144000
0 6152192
0 14483456
0 14491648
0 14499840
0 14508032
0 14516224
0 14524416
0 14532608
0 14540800
1 22872064
1 22880256
1 22888448
1 22896640
1 22904832
1 22913024
1 22921216
1 22929408
1 4294180864
0 6160384
0 6168576
0 6176768
0 6184960
0 6193152
0 6201344
0 6209536
0 6217728
0 14548992
0 14557184
0 14565376
0 14573568
0 14581760
0 14589952
0 14598144
0 14606336
1 22937600
1 22945792
1 22953984
1 22962176
1 22970368
1 22978560
1 22986752
1 22994944
1 4294180864
0 6225920
0 6234112
0 6242304
0 6250496
0 6258688
0 6266880
0 6275072
0 6283264
0 14614528
0 14622720
0 14630912
0 14639104
0 14647296
0 14655488
0 14663680
0 14671872
1 23003136
1 23011328
1 23019520
1 23027712
1 23035904
1 23044096
1 23052288
1 23060480
1 4294180864
0 6291456
0 6299648
0 6307840
0 6316032
0 6324224
0 6332416
0 6340608
0 6348800
0 14680064
0 14688256
0 14696448
0 14704640
0 14712832
0 14721024
0 14729216
0 14737408
1 23068672
1 23076864
1 23085056
1 23093248
1 23101440
1 23109632
1 23117824
1 23126016
1 4294180864
0 6356992
0 6365184
0 6373376
0 6381568
0 6389760
0 6397952
0 6406144
0 6414336
0 14745600
0 14753792
0 14761984
0 14770176
0 14778368
0 14786560
0 14794752
0 14802944
1 23134208
1 23142400
1 23150592
1 23158784
1 23166976
1 23175168
1 23183360
1 23191552
1 4294180864
0 6422528
0 6430720
0 6438912
0 6447104
0 6455296
0 6463488
0 6471680
0 6479872
0 14811136
0 14819328
0 14827520
0 14835712
0 14843904
0 14852096
0 14860288
0 14868480
1 23199744
1 23207936
1 23216128
1 23224320
1 23232512
1 23240704
1 23248896
1 23257088
1 4294180864
0 6488064
0 6496256
0 6504448
0 6512640
0 6520832
0 6529024
0 6537216
0 6545408
0 14876672
0 14884864
0 14893056
0 14901248
0 14909440
0 14917632
0 14925824
0 14934016
1 23265280
1 23273472
1 23281664
1 23289856
1 23298048
1 23306240
1 23314432
1 23322624
1 4294180864
0 6553600
0 6561792
0 6569984
0 6578176
0 6586368
0 6594560
0 6602752
0 6610944
0 14942208
0 14950400
0 14958592
0 14966784
0 14974976
0 14983168
0 14991360
0 14999552
1 23330816
1 23339008
1 23347200
1 23355392
1 23363584
1 23371776
1 23379968
1 23388160
1 4294180864
0 6619136
0 6627328
0 6635520
0 6643712
0 6651904
0 6660096
0 6668288
0 6676480
0 15007744
0 15015936
0 15024128
0 15032320
0 15040512
0 15048704
0 15056896
0 15065088
1 23396352
1 23404544
1 23412736
1 23420928
1 23429120
1 23437312
1 23445504
1 23453696
1 4294180864
0 6684672
0 6692864
0 6701056
0 6709248
0 6717440
0 6725632
0 6733824
0 6742016
0 15073280
0 15081472
0 15089664
0 15097856
0 15106048
0 15114240
0 15122432
0 15130624
1 23461888
1 23470080
1 23478272
1 23486464
1 23494656
1 23502848
1 23511040
1 23519232
1 4294180864
0 6750208
0 6758400
0 6766592
0 6774784
0 6782976
0 6791168
0 6799360
0 6807552
0 15138816
0 15147008
0 15155200
0 15163392
0 15171584
0 15179776
0 15187968
0 15196160
1 23527424
1 23535616
1 23543808
1 23552000
1 23560192
1 23568384
1 23576576
1 23584768
1 4294180864
0 6815744
0 6823936
0 6832128
0 6840320
0 6848512
0 6856704
0 6864896
0 6873088
0 15204352
0 15212544
0 15220736
0 15228928
0 15237120
0 15245312
0 15253504
0 15261696
1 23592960
1 23601152
1 23609344
1 23617536
1 23625728
1 23633920
1 23642112
1 23650304
1 4294180864
0 6881280
0 6889472
0 6897664
0 6905856
0 6914048
0 6922240
0 6930432
0 6938624
0 15269888
0 15278080
0 15286272
0 15294464
0 15302656
0 15310848
0 15319040
0 15327232
1 23658496
1 23666688
1 23674880
1 23683072
1 23691264
1 23699456
1 23707648
1 23715840
1 4294180864
0 6946816
0 6955008
0 6963200
0 6971392
0 6979584
0 6987776
0 6995968
0 7004160
0 15335424
0 15343616
0 15351808
0 15360000
0 15368192
0 15376384
0 15384576
0 15392768
1 23724032
1 23732224
1 23740416
1 23748608
1 23756800
1 23764992
1 23773184
1 23781376
1 4294180864
0 7012352
0 7020544
0 7028736
0 7036928
0 7045120
0 7053312
0 7061504
0 7069696
0 15400960
0 15409152
0 15417344
0 15425536
0 15433728
0 15441920
0 15450112
0 15458304
1 23789568
1 23797760
1 23805952
1 23814144
1 23822336
1 23830528
1 23838720
1 23846912
1 4294180864
0 7077888
0 7086080
0 7094272
0 7102464
0 7110656
0 7118848
0 7127040
0 7135232
0 15466496
0 15474688
0 15482880
0 15491072
0 15499264
0 15507456
0 15515648
0 15523840
1 23855104
1 23863296
1 23871488
1 23879680
1 23887872
1 23896064
1 23904256
1 23912448
1 4294180864
0 7143424
0 7151616
0 7159808
0 7168000
0 7176192
0 7184384
0 7192576
0 7200768
0 15532032
0 15540224
0 15548416
0 15556608
0 15564800
0 15572992
0 15581184
0 15589376
1 23920640
1 23928832
1 23937024
1 23945216
1 23953408
1 23961600
1 23969792
1 23977984
1 4294180864
0 7208960
0 7217152
0 7225344
0 7233536
0 7241728
0 7249920
0 7258112
0 7266304
0 15597568
0 15605760
0 15613952
0 15622144
0 15630336
0 15638528
0 15646720
0 15654912
1 23986176
1 23994368
1 24002560
1 24010752
1 24018944
1 24027136
1 24035328
1 24043520
1 4294180864
0 7274496
0 7282688
0 7290880
0 7299072
0 7307264
0 7315456
0 7323648
0 7331840
0 15663104
0 15671296
0 15679488
0 15687680
0 15695872
0 15704064
0 15712256
0 15720448
1 24051712
1 24059904
1 24068096
1 24076288
1 24084480
1 24092672
1 24100864
1 24109056
1 4294180864
0 7340032
0 7348224
0 7356416
0 7364608
0 7372800
0 7380992
0 7389184
0 7397376
0 15728640
0 15736832
0 15745024
0 15753216
0 15761408
0 15769600
0 15777792
0 15785984
1 24117248
1 24125440
1 24133632
1 24141824
1 24150016
1 24158208
1 24166400
1 24174592
1 4294180864
0 7405568
0 7413760
0 7421952
0 7430144
0 7438336
0 7446528
0 7454720
0 7462912
0 15794176
0 15802368
0 15810560
0 15818752
0 15826944
0 15835136
0 15843328
0 15851520
1 24182784
1 24190976
1 24199168
1 24207360
1 24215552
1 24223744
1 24231936
1 24240128
1 4294180864
0 7471104
0 7479296
0 7487488
0 7495680
0 7503872
0 7512064
0 7520256
0 7528448
0 15859712
0 15867904
0 15876096
0 15884288
0 15892480
0 15900672
0 15908864
0 15917056
1 24248320
1 24256512
1 24264704
1 24272896
1 24281088
1 24289280
1 24297472
1 24305664
1 4294180864
0 7536640
0 7544832
0 7553024
0 7561216
0 7569408
0 7577600
0 7585792
0 7593984
0 15925248
0 15933440
0 15941632
0 15949824
0 15958016
0 15966208
0 15974400
0 15982592
1 24313856
1 24322048
1 24330240
1 24338432
1 24346624
1 24354816
1 24363008
1 24371200
1 4294180864
0 7602176
0 7610368
0 7618560
0 7626752
0 7634944
0 7643136
0 7651328
0 7659520
0 15990784
0 15998976
0 16007168
0 16015360
0 16023552
0 16031744
0 16039936
0 16048128
1 24379392
1 24387584
1 24395776
1 24403968
1 24412160
1 24420352
1 24428544
1 24436736
1 4294180864
0 7667712
0 7675904
0 7684096
0 7692288
0 7700480
0 7708672
0 7716864
0 7725056
0 16056320
0 16064512
0 16072704
0 16080896
0 16089088
0 16097280
0 16105472
0 16113664
1 24444928
1 24453120
1 24461312
1 24469504
1 24477696
1 24485888
1 24494080
1 24502272
1 4294180864
0 7733248
0 7741440
0 7749632
0 7757824
0 7766016
0 7774208
0 7782400
0 7790592
0 16121856
0 16130048
0 16138240
0 16146432
0 16154624
0 16162816
0 16171008
0 16179200
1 24510464
1 24518656
1 24526848
1 24535040
1 24543232
1 24551424
1 24559616
1 24567808
1 4294180864
0 7798784
0 7806976
0 7815168
0 7823360
0 7831552
0 7839744
0 7847936
0 7856128
0 16187392
0 16195584
0 16203776
0 16211968
0 16220160
0 16228352
0 16236544
0 16244736
1 24576000
1 24584192
1 24592384
1 24600576
1 24608768
1 24616960
1 24625152
1 24633344
1 4294180864
0 7864320
0 7872512
0 7880704
0 7888896
0 7897088
0 7905280
0 7913472
0 7921664
0 16252928
0 16261120
0 16269312
0 16277504
0 16285696
0 16293888
0 16302080
0 16310272
1 24641536
1 24649728
1 24657920
1 24666112
1 24674304
1 24682496
1 24690688
1 24698880
1 4294180864
0 7929856
0 7938048
0 7946240
0 7954432
0 7962624
0 7970816
0 7979008
0 7987200
0 16318464
0 16326656
0 16334848
0 16343040
0 16351232
0 16359424
0 16367616
0 16375808
1 24707072
1 24715264
1 24723456
1 24731648
1 24739840
1 24748032
1 24756224
1 24764416
1 4294180864
0 7995392
0 8003584
0 8011776
0 8019968
0 8028160
0 8036352
0 8044544
0 8052736
0 16384000
0 16392192
0 16400384
0 16408576
0 16416768
0 16424960
0 16433152
0 16441344
1 24772608
1 24780800
1 24788992
1 24797184
1 24805376
1 24813568
1 24821760
1 24829952
1 4294180864
0 8060928
0 8069120
0 8077312
0 8085504
0 8093696
0 8101888
0 8110080
0 8118272
0 16449536
0 16457728
0 16465920
0 16474112
0 16482304
0 16490496
0 16498688
0 16506880
1 24838144
1 24846336
1 24854528
1 24862720
1 24870912
1 24879104
1 24887296
1 24895488
1 4294180864
0 8126464
0 8134656
0 8142848
0 8151040
0 8159232
0 8167424
0 8175616
0 8183808
0 16515072
0 16523264
0 16531456
0 16539648
0 16547840
0 16556032
0 16564224
0 16572416
1 24903680
1 24911872
1 24920064
1 24928256
1 24936448
1 24944640
1 24952832
1 24961024
1 4294180864
0 8192000
0 8200192
0 8208384
0 8216576
0 8224768
0 8232960
0 8241152
0 8249344
0 16580608
0 16588800
0 16596992
0 16605184
0 16613376
0 16621568
0 16629760
0 16637952
1 24969216
1 24977408
1 24985600
1 24993792
1 25001984
1 25010176
1 25018368
1 25026560
1 4294180864
0 8257536
0 8265728
0 8273920
0 8282112
0 8290304
0 8298496
0 8306688
0 8314880
0 16646144
0 16654336
0 16662528
0 16670720
0 16678912
0 16687104
0 16695296
0 16703488
1 25034752
1 25042944
1 25051136
1 25059328
1 25067520
1 25075712
1 25083904
1 25092096
1 4294180864
0 8323072
0 8331264
0 8339456
0 8347648
0 8355840
0 8364032
0 8372224
0 8380416
0 16711680
0 16719872
0 16728064
0 16736256
0 16744448
0 16752640
0 16760832
0 16769024
1 25100288
1 25108480
1 25116672
1 25124864
1 25133056
1 25141248
1 25149440
1 25157632
1 4294180864
0 512
0 8704
0 16896
0 25088
0 33280
0 41472
0 49664
0 57856
0 8389120
0 8397312
0 8405504
0 8413696
0 8421888
0 8430080
0 8438272
0 8446464
1 16777728
1 16785920
1 16794112
1 16802304
1 16810496
1 16818688
1 16826880
1 16835072
1 4294180864
0 66048
0 74240
0 82432
0 90624
0 98816
0 107008
0 115200
0 123392
0 8454656
0 8462848
0 8471040
0 8479232
0 8487424
0 8495616
0 8503808
0 8512000
1 16843264
1 16851456
1 16859648
1 16867840
1 16876032
1 16884224
1 16892416
1 16900608
1 4294180864
0 131584
0 139776
0 147968
0 156160
0 164352
0 172544
0 180736
0 188928
0 8520192
0 8528384
0 8536576
0 8544768
0 8552960
0 8561152
0 8569344
0 8577536
1 16908800
1 16916992
1 16925184
1 16933376
1 16941568
1 16949760
1 16957952
1 16966144
1 4294180864
0 197120
0 205312
0 213504
0 221696
0 229888
0 238080
0 246272
0 254464
0 8585728
0 8593920
0 8602112
0 8610304
0 8618496
0 8626688
0 8634880
0 8643072
1 16974336
1 16982528
1 16990720
1 16998912
1 17007104
1 17015296
1 17023488
1 17031680
1 4294180864
0 262656
0 270848
0 279040
0 287232
0 295424
0 303616
0 311808
0 320000
0 8651264
0 8659456
0 8667648
0 8675840
0 8684032
0 8692224
0 8700416
0 8708608
1 17039872
1 17048064
1 17056256
1 17064448
1 17072640
1 17080832
1 17089024
1 17097216
1 4294180864
0 328192
0 336384
0 344576
0 352768
0 360960
0 369152
0 377344
0 385536
0 8716800
0 8724992
0 8733184
0 8741376
0 8749568
0 8757760
0 8765952
0 8774144
1 17105408
1 17113600
1 17121792
1 17129984
1 17138176
1 17146368
1 17154560
1 17162752
1 4294180864
0 393728
0 401920
0 410112
0 418304
0 426496
0 434688
0 442880
0 451072
0 8782336
0 8790528
0 8798720
0 8806912
0 8815104
0 8823296
0 8831488
0 8839680
1 17170944
1 17179136
1 17187328
1 17195520
1 17203712
1 17211904
1 17220096
1 17228288
1 4294180864
0 459264
0 467456
0 475648
0 483840
0 492032
0 500224
0 508416
0 516608
0 8847872
0 8856064
0 8864256
0 8872448
0 8880640
0 8888832
0 8897024
0 8905216
1 17236480
1 17244672
1 17252864
1 17261056
1 17269248
1 17277440
1 17285632
1 17293824
1 4294180864
0 524800
0 532992
0 541184
0 549376
0 557568
0 565760
0 573952
0 582144
0 8913408
0 8921600
0 8929792
0 8937984
0 8946176
0 8954368
0 8962560
0 8970752
1 17302016
1 17310208
1 17318400
1 17326592
1 17334784
1 17342976
1 17351168
1 17359360
1 4294180864
0 590336
0 598528
0 606720
0 614912
0 623104
0 631296
0 639488
0 647680
0 8978944
0 8987136
0 8995328
0 9003520
0 9011712
0 9019904
0 9028096
0 9036288
1 17367552
1 17375744
1 17383936
1 17392128
1 17400320
1 17408512
1 17416704
1 17424896
1 4294180864
0 655872
0 664064
0 672256
0 680448
0 688640
0 696832
0 705024
0 713216
0 9044480
0 9052672
0 9060864
0 9069056
0 9077248
0 9085440
0 9093632
0 9101824
1 17433088
1 17441280
1 17449472
1 17457664
1 17465856
1 17474048
1 17482240
1 17490432
1 4294180864
0 721408
0 729600
0 737792
0 745984
0 754176
0 762368
0 770560
0 778752
0 9110016
0 9118208
0 9126400
0 9134592
0 9142784
0 9150976
0 9159168
0 9167360
1 17498624
1 17506816
1 17515008
1 17523200
1 17531392
1 17539584
1 17547776
1 17555968
1 4294180864
0 786944
0 795136
0 803328
0 811520
0 819712
0 827904
0 836096
0 844288
0 9175552
0 9183744
0 9191936
0 9200128
0 9208320
0 9216512
0 9224704
0 9232896
1 17564160
1 17572352
1 17580544
1 17588736
1 17596928
1 17605120
1 17613312
1 17621504
1 4294180864
0 852480
0 860672
0 868864
0 877056
0 885248
0 893440
0 901632
0 909824
0 9241088
0 9249280
0 9257472
0 9265664
0 9273856
0 9282048
0 9290240
0 9298432
1 17629696
1 17637888
1 17646080
1 17654272
1 17662464
1 17670656
1 17678848
1 17687040
1 4294180864
0 918016
0 926208
0 934400
0 942592
0 950784
0 958976
0 967168
0 975360
0 9306624
0 9314816
0 9323008
0 9331200
0 9339392
0 9347584
0 9355776
0 9363968
1 17695232
1 17703424
1 17711616
1 17719808
1 17728000
1 17736192
1 17744384
1 17752576
1 4294180864
0 983552
0 991744
0 999936
0 1008128
0 1016320
0 1024512
0 1032704
0 1040896
0 9372160
0 9380352
0 9388544
0 9396736
0 9404928
0 9413120
0 9421312
0 9429504
1 17760768
1 17768960
1 17777152
1 17785344
1 17793536
1 17801728
1 17809920
1 17818112
1 4294180864
0 1049088
0 1057280
0 1065472
0 1073664
0 1081856
0 1090048
0 1098240
0 1106432
0 9437696
0 9445888
0 9454080
0 9462272
0 9470464
0 9478656
0 9486848
0 9495040
1 17826304
1 17834496
1 17842688
1 17850880
1 17859072
1 17867264
1 17875456
1 17883648
1 4294180864
0 1114624
0 1122816
0 1131008
0 1139200
0 1147392
0 1155584
0 1163776
0 1171968
0 9503232
0 9511424
0 9519616
0 9527808
0 9536000
0 9544192
0 9552384
0 9560576
1 17891840
1 17900032
1 17908224
1 17916416
1 17924608
1 17932800
1 17940992
1 17949184
1 4294180864
0 1180160
0 1188352
0 1196544
0 1204736
0 1212928
0 1221120
0 1229312
0 1237504
0 9568768
0 9576960
0 9585152
0 9593344
0 9601536
0 9609728
0 9617920
0 9626112
1 17957376
1 17965568
1 17973760
1 17981952
1 17990144
1 17998336
1 18006528
1 18014720
1 4294180864
0 1245696
0 1253888
0 1262080
0 1270272
0 1278464
0 1286656
0 1294848
0 1303040
0 9634304
0 9642496
0 9650688
0 9658880
0 9667072
0 9675264
0 9683456
0 9691648
1 18022912
1 18031104
1 18039296
1 18047488
1 18055680
1 18063872
1 18072064
1 18080256
1 4294180864
0 1311232
0 1319424
0 1327616
0 1335808
0 1344000
0 1352192
0 1360384
0 1368576
0 9699840
0 9708032
0 9716224
0 9724416
0 9732608
0 9740800
0 9748992
0 9757184
1 18088448
1 18096640
1 18104832
1 18113024
1 18121216
1 18129408
1 18137600
1 18145792
1 4294180864
0 1376768
0 1384960
0 1393152
0 1401344
0 1409536
0 1417728
0 1425920
0 1434112
0 9765376
0 9773568
0 9781760
0 9789952
0 9798144
0 9806336
0 9814528
0 9822720
1 18153984
1 18162176
1 18170368
1 18178560
1 18186752
1 18194944
1 18203136
1 18211328
1 4294180864
0 1442304
0 1450496
0 1458688
0 1466880
0 1475072
0 1483264
0 1491456
0 1499648
0 9830912
0 9839104
0 9847296
0 9855488
0 9863680
0 9871872
0 9880064
0 9888256
1 18219520
1 18227712
1 18235904
1 18244096
1 18252288
1 18260480
1 18268672
1 18276864
1 4294180864
0 1507840
0 1516032
0 1524224
0 1532416
0 1540608
0 1548800
0 1556992
0 1565184
0 9896448
0 9904640
0 9912832
0 9921024
0 9929216
0 9937408
0 9945600
0 9953792
1 18285056
1 18293248
1 18301440
1 18309632
1 18317824
1 18326016
1 18334208
1 18342400
1 4294180864
0 1573376
0 1581568
0 1589760
0 1597952
0 1606144
0 1614336
0 1622528
0 1630720
0 9961984
0 9970176
0 9978368
0 9986560
0 9994752
0 10002944
0 10011136
0 10019328
1 18350592
1 18358784
1 18366976
1 18375168
1 18383360
1 18391552
1 18399744
1 18407936
1 4294180864
0 1638912
0 1647104
0 1655296
0 1663488
0 1671680
0 1679872
0 1688064
0 1696256
0 10027520
0 10035712
0 10043904
0 10052096
0 10060288
0 10068480
0 10076672
0 10084864
1 18416128
1 18424320
1 18432512
1 18440704
1 18448896
1 18457088
1 18465280
1 18473472
1 4294180864
0 1704448
0 1712640
0 1720832
0 1729024
0 1737216
0 1745408
0 1753600
0 1761792
0 10093056
0 10101248
0 10109440
0 10117632
0 10125824
0 10134016
0 10142208
0 10150400
1 18481664
1 18489856
1 18498048
1 18506240
1 18514432
1 18522624
1 18530816
1 18539008
1 4294180864
0 1769984
0 1778176
0 1786368
0 1794560
0 1802752
0 1810944
0 1819136
0 1827328
0 10158592
0 10166784
0 10174976
0 10183168
0 10191360
0 10199552
0 10207744
0 10215936
1 18547200
1 18555392
1 18563584
1 18571776
1 18579968
1 18588160
1 18596352
1 18604544
1 4294180864
0 1835520
0 1843712
0 1851904
0 1860096
0 1868288
0 1876480
0 1884672
0 1892864
0 10224128
0 10232320
0 10240512
0 10248704
0 10256896
0 10265088
0 10273280
0 10281472
1 18612736
1 18620928
1 18629120
1 18637312
1 18645504
1 18653696
1 18661888
1 18670080
1 4294180864
0 1901056
0 1909248
0 1917440
0 1925632
0 1933824
0 1942016
0 1950208
0 1958400
0 10289664
0 10297856
0 10306048
0 10314240
0 10322432
0 10330624
0 10338816
0 10347008
1 18678272
1 18686464
1 18694656
1 18702848
1 18711040
1 18719232
1 18727424
1 18735616
1 4294180864
0 1966592
0 1974784
0 1982976
0 1991168
0 1999360
0 2007552
0 2015744
0 2023936
0 10355200
0 10363392
0 10371584
0 10379776
0 10387968
0 10396160
0 10404352
0 10412544
1 18743808
1 18752000
1 18760192
1 18768384
1 18776576
1 18784768
1 18792960
1 18801152
1 4294180864
0 2032128
0 2040320
0 2048512
0 2056704
0 2064896
0 2073088
0 2081280
0 2089472
0 10420736
0 10428928
0 10437120
0 10445312
0 10453504
0 10461696
0 10469888
0 10478080
1 18809344
1 18817536
1 18825728
1 18833920
1 18842112
1 18850304
1 18858496
1 18866688
1 4294180864
0 2097664
0 2105856
0 2114048
0 2122240
0 2130432
0 2138624
0 2146816
0 2155008
0 10486272
0 10494464
0 10502656
0 10510848
0 10519040
0 10527232
0 10535424
0 10543616
1 18874880
1 18883072
1 18891264
1 18899456
1 18907648
1 18915840
1 18924032
1 18932224
1 4294180864
0 2163200
0 2171392
0 2179584
0 2187776
0 2195968
0 2204160
0 2212352
0 2220544
0 10551808
0 10560000
0 10568192
0 10576384
0 10584576
0 10592768
0 10600960
0 10609152
1 18940416
1 18948608
1 18956800
1 18964992
1 18973184
1 18981376
1 18989568
1 18997760
1 4294180864
0 2228736
0 2236928
0 2245120
0 2253312
0 2261504
0 2269696
0 2277888
0 2286080
0 10617344
0 10625536
0 10633728
0 10641920
0 10650112
0 10658304
0 10666496
0 10674688
1 19005952
1 19014144
1 19022336
1 19030528
1 19038720
1 19046912
1 19055104
1 19063296
1 4294180864
0 2294272
0 2302464
0 2310656
0 2318848
0 2327040
0 2335232
0 2343424
0 2351616
0 10682880
0 10691072
0 10699264
0 10707456
0 10715648
0 10723840
0 10732032
0 10740224
1 19071488
1 19079680
1 19087872
1 19096064
1 19104256
1 19112448
1 19120640
1 19128832
1 4294180864
0 2359808
0 2368000
0 2376192
0 2384384
0 2392576
0 2400768
0 2408960
0 2417152
0 10748416
0 10756608
0 10764800
0 10772992
0 10781184
0 10789376
0 10797568
0 10805760
1 19137024
1 19145216
1 19153408
1 19161600
1 19169792
1 19177984
1 19186176
1 19194368
1 4294180864
0 2425344
0 2433536
0 2441728
0 2449920
0 2458112
0 2466304
0 2474496
0 2482688
0 10813952
0 10822144
0 10830336
0 10838528
0 10846720
0 10854912
0 10863104
0 10871296
1 19202560
1 19210752
1 19218944
1 19227136
1 19235328
1 19243520
1 19251712
1 19259904
1 4294180864
0 2490880
0 2499072
0 2507264
0 2515456
0 2523648
0 2531840
0 2540032
0 2548224
0 10879488
0 10887680
0 10895872
0 10904064
0 10912256
0 10920448
0 10928640
0 10936832
1 19268096
1 19276288
1 19284480
1 19292672
1 19300864
1 19309056
1 19317248
1 19325440
1 4294180864
0 2556416
0 2564608
0 2572800
0 2580992
0 2589184
0 2597376
0 2605568
0 2613760
0 10945024
0 10953216
0 10961408
0 10969600
0 10977792
0 10985984
0 10994176
0 11002368
1 19333632
1 19341824
1 19350016
1 19358208
1 19366400
1 19374592
1 19382784
1 19390976
1 4294180864
0 2621952
0 2630144
0 2638336
0 2646528
0 2654720
0 2662912
0 2671104
0 2679296
0 11010560
0 11018752
0 11026944
0 11035136
0 11043328
0 11051520
0 11059712
0 11067904
1 19399168
1 19407360
1 19415552
1 19423744
1 19431936
1 19440128
1 19448320
1 19456512
1 4294180864
0 2687488
0 2695680
0 2703872
0 2712064
0 2720256
0 2728448
0 2736640
0 2744832
0 11076096
0 11084288
0 11092480
0 11100672
0 11108864
0 11117056
0 11125248
0 11133440
1 19464704
1 19472896
1 19481088
1 19489280
1 19497472
1 19505664
1 19513856
1 19522048
1 4294180864
0 2753024
0 2761216
0 2769408
0 2777600
0 2785792
0 2793984
0 2802176
0 2810368
0 11141632
0 11149824
0 11158016
0 11166208
0 11174400
0 11182592
0 11190784
0 11198976
1 19530240
1 19538432
1 19546624
1 19554816
1 19563008
1 19571200
1 19579392
1 19587584
1 4294180864
0 2818560
0 2826752
0 2834944
0 2843136
0 2851328
0 2859520
0 2867712
0 2875904
0 11207168
0 11215360
0 11223552
0 11231744
0 11239936
0 11248128
0 11256320
0 11264512
1 19595776
1 19603968
1 19612160
1 19620352
1 19628544
1 19636736
1 19644928
1 19653120
1 4294180864
0 2884096
0 2892288
0 2900480
0 2908672
0 2916864
0 2925056
0 2933248
0 2941440
0 11272704
0 11280896
0 11289088
0 11297280
0 11305472
0 11313664
0 11321856
0 11330048
1 19661312
1 19669504
1 19677696
1 19685888
1 19694080
1 19702272
1 19710464
1 19718656
1 4294180864
0 2949632
0 2957824
0 2966016
0 2974208
0 2982400
0 2990592
0 2998784
0 3006976
0 11338240
0 11346432
0 11354624
0 11362816
0 11371008
0 11379200
0 11387392
0 11395584
1 19726848
1 19735040
1 19743232
1 19751424
1 19759616
1 19767808
1 19776000
1 19784192
1 4294180864
0 3015168
0 3023360
0 3031552
0 3039744
0 3047936
0 3056128
0 3064320
0 3072512
0 11403776
0 11411968
0 11420160
0 11428352
0 11436544
0 11444736
0 11452928
0 11461120
1 19792384
1 19800576
1 19808768
1 19816960
1 19825152
1 19833344
1 19841536
1 19849728
1 4294180864
0 3080704
0 3088896
0 3097088
0 3105280
0 3113472
0 3121664
0 3129856
0 3138048
0 11469312
0 11477504
0 11485696
0 11493888
0 11502080
0 11510272
0 11518464
0 11526656
1 19857920
1 19866112
1 19874304
1 19882496
1 19890688
1 19898880
1 19907072
1 19915264
1 4294180864
0 3146240
0 3154432
0 3162624
0 3170816
0 3179008
0 3187200
0 3195392
0 3203584
0 11534848
0 11543040
0 11551232
0 11559424
0 11567616
0 11575808
0 11584000
0 11592192
1 19923456
1 19931648
1 19939840
1 19948032
1 19956224
1 19964416
1 19972608
1 19980800
1 4294180864
0 3211776
0 3219968
0 3228160
0 3236352
0 3244544
0 3252736
0 3260928
0 3269120
0 11600384
0 11608576
0 11616768
0 11624960
0 11633152
0 11641344
0 11649536
0 11657728
1 19988992
1 19997184
1 20005376
1 20013568
1 20021760
1 20029952
1 20038144
1 20046336
1 4294180864
0 3277312
0 3285504
0 3293696
0 3301888
0 3310080
0 3318272
0 3326464
0 3334656
0 11665920
0 11674112
0 11682304
0 11690496
0 11698688
0 11706880
0 11715072
0 11723264
1 20054528
1 20062720
1 20070912
1 20079104
1 20087296
1 20095488
1 20103680
1 20111872
1 4294180864
0 3342848
0 3351040
0 3359232
0 3367424
0 3375616
0 3383808
0 3392000
0 3400192
0 11731456
0 11739648
0 11747840
0 11756032
0 11764224
0 11772416
0 11780608
0 11788800
1 20120064
1 20128256
1 20136448
1 20144640
1 20152832
1 20161024
1 20169216
1 20177408
1 4294180864
0 3408384
0 3416576
0 3424768
0 3432960
0 3441152
0 3449344
0 3457536
0 3465728
0 11796992
0 11805184
0 11813376
0 11821568
0 11829760
0 11837952
0 11846144
0 11854336
1 20185600
1 20193792
1 20201984
1 20210176
1 20218368
1 20226560
1 20234752
1 20242944
1 4294180864
0 3473920
0 3482112
0 3490304
0 3498496
0 3506688
0 3514880
0 3523072
0 3531264
0 11862528
0 11870720
0 11878912
0 11887104
0 11895296
0 11903488
0 11911680
0 11919872
1 20251136
1 20259328
1 20267520
1 20275712
1 20283904
1 20292096
1 20300288
1 20308480
1 4294180864
0 3539456
0 3547648
0 3555840
0 3564032
0 3572224
0 3580416
0 3588608
0 3596800
0 11928064
0 11936256
0 11944448
0 11952640
0 11960832
0 11969024
0 11977216
0 11985408
1 20316672
1 20324864
1 20333056
1 20341248
1 20349440
1 20357632
1 20365824
1 20374016
1 4294180864
0 3604992
0 3613184
0 3621376
0 3629568
0 3637760
0 3645952
0 3654144
0 3662336
0 11993600
0 12001792
0 12009984
0 12018176
0 12026368
0 12034560
0 12042752
0 12050944
1 20382208
1 20390400
1 20398592
1 20406784
1 20414976
1 20423168
1 20431360
1 20439552
1 4294180864
0 3670528
0 3678720
0 3686912
0 3695104
0 3703296
0 3711488
0 3719680
0 3727872
0 12059136
0 12067328
0 12075520
0 12083712
0 12091904
0 12100096
0 12108288
0 12116480
1 20447744
1 20455936
1 20464128
1 20472320
1 20480512
1 20488704
1 20496896
1 20505088
1 4294180864
0 3736064
0 3744256
0 3752448
0 3760640
0 3768832
0 3777024
0 3785216
0 3793408
0 12124672
0 12132864
0 12141056
0 12149248
0 12157440
0 12165632
0 12173824
0 12182016
1 20513280
1 20521472
1 20529664
1 20537856
1 20546048
1 20554240
1 20562432
1 20570624
1 4294180864
0 3801600
0 3809792
0 3817984
0 3826176
0 3834368
0 3842560
0 3850752
0 3858944
0 12190208
0 12198400
0 12206592
0 12214784
0 12222976
0 12231168
0 12239360
0 12247552
1 20578816
1 20587008
1 20595200
1 20603392
1 20611584
1 20619776
1 20627968
1 20636160
1 4294180864
0 3867136
0 3875328
0 3883520
0 3891712
0 3899904
0 3908096
0 3916288
0 3924480
0 12255744
0 12263936
0 12272128
0 12280320
0 12288512
0 12296704
0 12304896
0 12313088
1 20644352
1 20652544
1 20660736
1 20668928
1 20677120
1 20685312
1 20693504
1 20701696
1 4294180864
0 3932672
0 3940864
0 3949056
0 3957248
0 3965440
0 3973632
0 3981824
0 3990016
0 12321280
0 12329472
0 12337664
0 12345856
0 12354048
0 12362240
0 12370432
0 12378624
1 20709888
1 20718080
1 20726272
1 20734464
1 20742656
1 20750848
1 20759040
1 20767232
1 4294180864
0 3998208
0 4006400
0 4014592
0 4022784
0 4030976
0 4039168
0 4047360
0 4055552
0 12386816
0 12395008
0 12403200
0 12411392
0 12419584
0 12427776
0 12435968
0 12444160
1 20775424
1 20783616
1 20791808
1 20800000
1 20808192
1 20816384
1 20824576
1 20832768
1 4294180864
0 4063744
0 4071936
0 4080128
0 4088320
0 4096512
0 4104704
0 4112896
0 4121088
0 12452352
0 12460544
0 12468736
0 12476928
0 12485120
0 12493312
0 12501504
0 12509696
1 20840960
1 20849152
1 20857344
1 20865536
1 20873728
1 20881920
1 20890112
1 20898304
1 4294180864
0 4129280
0 4137472
0 4145664
0 4153856
0 4162048
0 4170240
0 4178432
0 4186624
0 12517888
0 12526080
0 12534272
0 12542464
0 12550656
0 12558848
0 12567040
0 12575232
1 20906496
1 20914688
1 20922880
1 20931072
1 20939264
1 20947456
1 20955648
1 20963840
1 4294180864
0 4194816
0 4203008
0 4211200
0 4219392
0 4227584
0 4235776
0 4243968
0 4252160
0 12583424
0 12591616
0 12599808
0 12608000
0 12616192
0 12624384
0 12632576
0 12640768
1 20972032
1 20980224
1 20988416
1 20996608
1 21004800
1 21012992
1 21021184
1 21029376
1 4294180864
0 4260352
0 4268544
0 4276736
0 4284928
0 4293120
0 4301312
0 4309504
0 4317696
0 12648960
0 12657152
0 12665344
0 12673536
0 12681728
0 12689920
0 12698112
0 12706304
1 21037568
1 21045760
1 21053952
1 21062144
1 21070336
1 21078528
1 21086720
1 21094912
1 4294180864
0 4325888
0 4334080
0 4342272
0 4350464
0 4358656
0 4366848
0 4375040
0 4383232
0 12714496
0 12722688
0 12730880
0 12739072
0 12747264
0 12755456
0 12763648
0 12771840
1 21103104
1 21111296
1 21119488
1 21127680
1 21135872
1 21144064
1 21152256
1 21160448
1 4294180864
0 4391424
0 4399616
0 4407808
0 4416000
0 4424192
0 4432384
0 4440576
0 4448768
0 12780032
0 12788224
0 12796416
0 12804608
0 12812800
0 12820992
0 12829184
0 12837376
1 21168640
1 21176832
1 21185024
1 21193216
1 21201408
1 21209600
1 21217792
1 21225984
1 4294180864
0 4456960
0 4465152
0 4473344
0 4481536
0 4489728
0 4497920
0 4506112
0 4514304
0 12845568
0 12853760
0 12861952
0 12870144
0 12878336
0 12886528
0 12894720
0 12902912
1 21234176
1 21242368
1 21250560
1 21258752
1 21266944
1 21275136
1 21283328
1 21291520
1 4294180864
0 4522496
0 4530688
0 4538880
0 4547072
0 4555264
0 4563456
0 4571648
0 4579840
0 12911104
0 12919296
0 12927488
0 12935680
0 12943872
0 12952064
0 12960256
0 12968448
1 21299712
1 21307904
1 21316096
1 21324288
1 21332480
1 21340672
1 21348864
1 21357056
1 4294180864
0 4588032
0 4596224
0 4604416
0 4612608
0 4620800
0 4628992
0 4637184
0 4645376
0 12976640
0 12984832
0 12993024
0 13001216
0 13009408
0 13017600
0 13025792
0 13033984
1 21365248
1 21373440
1 21381632
1 21389824
1 21398016
1 21406208
1 21414400
1 21422592
1 4294180864
0 4653568
0 4661760
0 4669952
0 4678144
0 4686336
0 4694528
0 4702720
0 4710912
0 13042176
0 13050368
0 13058560
0 13066752
0 13074944
0 13083136
0 13091328
0 13099520
1 21430784
1 21438976
1 21447168
1 21455360
1 21463552
1 21471744
1 21479936
1 21488128
1 4294180864
0 4719104
0 4727296
0 4735488
0 4743680
0 4751872
0 4760064
0 4768256
0 4776448
0 13107712
0 13115904
0 13124096
0 13132288
0 13140480
0 13148672
0 13156864
0 13165056
1 21496320
1 21504512
1 21512704
1 21520896
1 21529088
1 21537280
1 21545472
1 21553664
1 4294180864
0 4784640
0 4792832
0 4801024
0 4809216
0 4817408
0 4825600
0 4833792
0 4841984
0 13173248
0 13181440
0 13189632
0 13197824
0 13206016
0 13214208
0 13222400
0 13230592
1 21561856
1 21570048
1 21578240
1 21586432
1 21594624
1 21602816
1 21611008
1 21619200
1 4294180864
0 4850176
0 4858368
0 4866560
0 4874752
0 4882944
0 4891136
0 4899328
0 4907520
0 13238784
0 13246976
0 13255168
0 13263360
0 13271552
0 13279744
0 13287936
0 13296128
1 21627392
1 21635584
1 21643776
1 21651968
1 21660160
1 21668352
1 21676544
1 21684736
1 4294180864
0 4915712
0 4923904
0 4932096
0 4940288
0 4948480
0 4956672
0 4964864
0 4973056
0 13304320
0 13312512
0 13320704
0 13328896
0 13337088
0 13345280
0 13353472
0 13361664
1 21692928
1 21701120
1 21709312
1 21717504
1 21725696
1 21733888
1 21742080
1 21750272
1 4294180864
0 4981248
0 4989440
0 4997632
0 5005824
0 5014016
0 5022208
0 5030400
0 5038592
0 13369856
0 13378048
0 13386240
0 13394432
0 13402624
0 13410816
0 13419008
0 13427200
1 21758464
1 21766656
1 21774848
1 21783040
1 21791232
1 21799424
1 21807616
1 21815808
1 4294180864
0 5046784
0 5054976
0 5063168
0 5071360
0 5079552
0 5087744
0 5095936
0 5104128
0 13435392
0 13443584
0 13451776
0 13459968
0 13468160
0 13476352
0 13484544
0 13492736
1 21824000
1 21832192
1 21840384
1 21848576
1 21856768
1 21864960
1 21873152
1 21881344
1 4294180864
0 5112320
0 5120512
0 5128704
0 5136896
0 5145088
0 5153280
0 5161472
0 5169664
0 13500928
0 13509120
0 13517312
0 13525504
0 13533696
0 13541888
0 13550080
0 13558272
1 21889536
1 21897728
1 21905920
1 21914112
1 21922304
1 21930496
1 21938688
1 21946880
1 4294180864
0 5177856
0 5186048
0 5194240
0 5202432
0 5210624
0 5218816
0 5227008
0 5235200
0 13566464
0 13574656
0 13582848
0 13591040
0 13599232
0 13607424
0 13615616
0 13623808
1 21955072
1 21963264
1 21971456
1 21979648
1 21987840
1 21996032
1 22004224
1 22012416
1 4294180864
0 5243392
0 5251584
0 5259776
0 5267968
0 5276160
0 5284352
0 5292544
0 5300736
0 13632000
0 13640192
0 13648384
0 13656576
0 13664768
0 13672960
0 13681152
0 13689344
1 22020608
1 22028800
1 22036992
1 22045184
1 22053376
1 22061568
1 22069760
1 22077952
1 4294180864
0 5308928
0 5317120
0 5325312
0 5333504
0 5341696
0 5349888
0 5358080
0 5366272
0 13697536
0 13705728
0 13713920
0 13722112
0 13730304
0 13738496
0 13746688
0 13754880
1 22086144
1 22094336
1 22102528
1 22110720
1 22118912
1 22127104
1 22135296
1 22143488
1 4294180864
0 5374464
0 5382656
0 5390848
0 5399040
0 5407232
0 5415424
0 5423616
0 5431808
0 13763072
0 13771264
0 13779456
0 13787648
0 13795840
0 13804032
0 13812224
0 13820416
1 22151680
1 22159872
1 22168064
1 22176256
1 22184448
1 22192640
1 22200832
1 22209024
1 4294180864
0 5440000
0 5448192
0 5456384
0 5464576
0 5472768
0 5480960
0 5489152
0 5497344
0 13828608
0 13836800
0 13844992
0 13853184
0 13861376
0 13869568
0 13877760
0 13885952
1 22217216
1 22225408
1 22233600
1 22241792
1 22249984
1 22258176
1 22266368
1 22274560
1 4294180864
0 5505536
0 5513728
0 5521920
0 5530112
0 5538304
0 5546496
0 5554688
0 5562880
0 13894144
0 13902336
0 13910528
0 13918720
0 13926912
0 13935104
0 13943296
0 13951488
1 22282752
1 22290944
1 22299136
1 22307328
1 22315520
1 22323712
1 22331904
1 22340096
1 4294180864
0 5571072
0 5579264
0 5587456
0 5595648
0 5603840
0 5612032
0 5620224
0 5628416
0 13959680
0 13967872
0 13976064
0 13984256
0 13992448
0 14000640
0 14008832
0 14017024
1 22348288
1 22356480
1 22364672
1 22372864
1 22381056
1 22389248
1 22397440
1 22405632
1 4294180864
0 5636608
0 5644800
0 5652992
0 5661184
0 5669376
0 5677568
0 5685760
0 5693952
0 14025216
0 14033408
0 14041600
0 14049792
0 14057984
0 14066176
0 14074368
0 14082560
1 22413824
1 22422016
1 22430208
1 22438400
1 22446592
1 22454784
1 22462976
1 22471168
1 4294180864
0 5702144
0 5710336
0 5718528
0 5726720
0 5734912
0 5743104
0 5751296
0 5759488
0 14090752
0 14098944
0 14107136
0 14115328
0 14123520
0 14131712
0 14139904
0 14148096
1 22479360
1 22487552
1 22495744
1 22503936
1 22512128
1 22520320
1 22528512
1 22536704
1 4294180864
0 5767680
0 5775872
0 5784064
0 5792256
0 5800448
0 5808640
0 5816832
0 5825024
0 14156288
0 14164480
0 14172672
0 14180864
0 14189056
0 14197248
0 14205440
0 14213632
1 22544896
1 22553088
1 22561280
1 22569472
1 22577664
1 22585856
1 22594048
1 22602240
1 4294180864
0 5833216
0 5841408
0 5849600
0 5857792
0 5865984
0 5874176
0 5882368
0 5890560
0 14221824
0 14230016
0 14238208
0 14246400
0 14254592
0 14262784
0 14270976
0 14279168
1 22610432
1 22618624
1 22626816
1 22635008
1 22643200
1 22651392
1 22659584
1 22667776
1 4294180864
0 5898752
0 5906944
0 5915136
0 5923328
0 5931520
0 5939712
0 5947904
0 5956096
0 14287360
0 14295552
0 14303744
0 14311936
0 14320128
0 14328320
0 14336512
0 14344704
1 22675968
1 22684160
1 22692352
1 22700544
1 22708736
1 22716928
1 22725120
1 22733312
1 4294180864
0 5964288
0 5972480
0 5980672
0 5988864
0 5997056
0 6005248
0 6013440
0 6021632
0 14352896
0 14361088
0 14369280
0 14377472
0 14385664
0 14393856
0 14402048
0 14410240
1 22741504
1 22749696
1 22757888
1 22766080
1 22774272
1 22782464
1 22790656
1 22798848
1 4294180864
0 6029824
0 6038016
0 6046208
0 6054400
0 6062592
0 6070784
0 6078976
0 6087168
0 14418432
0 14426624
0 14434816
0 14443008
0 14451200
0 14459392
0 14467584
0 14475776
1 22807040
1 22815232
1 22823424
1 22831616
1 22839808
1 22848000
1 22856192
1 22864384
1 4294180864
0 6095360
0 6103552
0 6111744
0 6119936
0 6128128
0 6136320
0 6144512
0 6152704
0 14483968
0 14492160
0 14500352
0 14508544
0 14516736
0 14524928
0 14533120
0 14541312
1 22872576
1 22880768
1 22888960
1 22897152
1 22905344
1 22913536
1 22921728
1 22929920
1 4294180864
0 6160896
0 6169088
0 6177280
0 6185472
0 6193664
0 6201856
0 6210048
0 6218240
0 14549504
0 14557696
0 14565888
0 14574080
0 14582272
0 14590464
0 14598656
0 14606848
1 22938112
1 22946304
1 22954496
1 22962688
1 22970880
1 22979072
1 22987264
1 22995456
1 4294180864
0 6226432
0 6234624
0 6242816
0 6251008
0 6259200
0 6267392
0 6275584
0 6283776
0 14615040
0 14623232
0 14631424
0 14639616
0 14647808
0 14656000
0 14664192
0 14672384
1 23003648
1 23011840
1 23020032
1 23028224
1 23036416
1 23044608
1 23052800
1 23060992
1 4294180864
0 6291968
0 6300160
0 6308352
0 6316544
0 6324736
0 6332928
0 6341120
0 6349312
0 14680576
0 14688768
0 14696960
0 14705152
0 14713344
0 14721536
0 14729728
0 14737920
1 23069184
1 23077376
1 23085568
1 23093760
1 23101952
1 23110144
1 23118336
1 23126528
1 4294180864
0 6357504
0 6365696
0 6373888
0 6382080
0 6390272
0 6398464
0 6406656
0 6414848
0 14746112
0 14754304
0 14762496
0 14770688
0 14778880
0 14787072
0 14795264
0 14803456
1 23134720
1 23142912
1 23151104
1 23159296
1 23167488
1 23175680
1 23183872
1 23192064
1 4294180864
0 6423040
0 6431232
0 6439424
0 6447616
0 6455808
0 6464000
0 6472192
0 6480384
0 14811648
0 14819840
0 14828032
0 14836224
0 14844416
0 14852608
0 14860800
0 14868992
1 23200256
1 23208448
1 23216640
1 23224832
1 23233024
1 23241216
1 23249408
1 23257600
1 4294180864
0 6488576
0 6496768
0 6504960
0 6513152
0 6521344
0 6529536
0 6537728
0 6545920
0 14877184
0 14885376
0 14893568
0 14901760
0 14909952
0 14918144
0 14926336
0 14934528
1 23265792
1 23273984
1 23282176
1 23290368
1 23298560
1 23306752
1 23314944
1 23323136
1 4294180864
0 6554112
0 6562304
0 6570496
0 6578688
0 6586880
0 6595072
0 6603264
0 6611456
0 14942720
0 14950912
0 14959104
0 14967296
0 14975488
0 14983680
0 14991872
0 15000064
1 23331328
1 23339520
1 23347712
1 23355904
1 23364096
1 23372288
1 23380480
1 23388672
1 4294180864
0 6619648
0 6627840
0 6636032
0 6644224
0 6652416
0 6660608
0 6668800
0 6676992
0 15008256
0 15016448
0 15024640
0 15032832
0 15041024
0 15049216
0 15057408
0 15065600
1 23396864
1 23405056
1 23413248
1 23421440
1 23429632
1 23437824
1 23446016
1 23454208
1 4294180864
0 6685184
0 6693376
0 6701568
0 6709760
0 6717952
0 6726144
0 6734336
0 6742528
0 15073792
0 15081984
0 15090176
0 15098368
0 15106560
0 15114752
0 15122944
0 15131136
1 23462400
1 23470592
1 23478784
1 23486976
1 23495168
1 23503360
1 23511552
1 23519744
1 4294180864
0 6750720
0 6758912
0 6767104
0 6775296
0 6783488
0 6791680
0 6799872
0 6808064
0 15139328
0 15147520
0 15155712
0 15163904
0 15172096
0 15180288
0 15188480
0 15196672
1 23527936
1 23536128
1 23544320
1 23552512
1 23560704
1 23568896
1 23577088
1 23585280
1 4294180864
0 6816256
0 6824448
0 6832640
0 6840832
0 6849024
0 6857216
0 6865408
0 6873600
0 15204864
0 15213056
0 15221248
0 15229440
0 15237632
0 15245824
0 15254016
0 15262208
1 23593472
1 23601664
1 23609856
1 23618048
1 23626240
1 23634432
1 23642624
1 23650816
1 4294180864
0 6881792
0 6889984
0 6898176
0 6906368
0 6914560
0 6922752
0 6930944
0 6939136
0 15270400
0 15278592
0 15286784
0 15294976
0 15303168
0 15311360
0 15319552
0 15327744
1 23659008
1 23667200
1 23675392
1 23683584
1 23691776
1 23699968
1 23708160
1 23716352
1 4294180864
0 6947328
0 6955520
0 6963712
0 6971904
0 6980096
0 6988288
0 6996480
0 7004672
0 15335936
0 15344128
0 15352320
0 15360512
0 15368704
0 15376896
0 15385088
0 15393280
1 23724544
1 23732736
1 23740928
1 23749120
1 23757312
1 23765504
1 23773696
1 23781888
1 4294180864
0 7012864
0 7021056
0 7029248
0 7037440
0 7045632
0 7053824
0 7062016
0 7070208
0 15401472
0 15409664
0 15417856
0 15426048
0 15434240
0 15442432
0 15450624
0 15458816
1 23790080
1 23798272
1 23806464
1 23814656
1 23822848
1 23831040
1 23839232
1 23847424
1 4294180864
0 7078400
0 7086592
0 7094784
0 7102976
0 7111168
0 7119360
0 7127552
0 7135744
0 15467008
0 15475200
0 15483392
0 15491584
0 15499776
0 15507968
0 15516160
0 15524352
1 23855616
1 23863808
1 23872000
1 23880192
1 23888384
1 23896576
1 23904768
1 23912960
1 4294180864
0 7143936
0 7152128
0 7160320
0 7168512
0 7176704
0 7184896
0 7193088
0 7201280
0 15532544
0 15540736
0 15548928
0 15557120
0 15565312
0 15573504
0 15581696
0 15589888
1 23921152
1 23929344
1 23937536
1 23945728
1 23953920
1 23962112
1 23970304
1 23978496
1 4294180864
0 7209472
0 7217664
0 7225856
0 7234048
0 7242240
0 7250432
0 7258624
0 7266816
0 15598080
0 15606272
0 15614464
0 15622656
0 15630848
0 15639040
0 15647232
0 15655424
1 23986688
1 23994880
1 24003072
1 24011264
1 24019456
1 24027648
1 24035840
1 24044032
1 4294180864
0 7275008
0 7283200
0 7291392
0 7299584
0 7307776
0 7315968
0 7324160
0 7332352
0 15663616
0 15671808
0 15680000
0 15688192
0 15696384
0 15704576
0 15712768
0 15720960
1 24052224
1 24060416
1 24068608
1 24076800
1 24084992
1 24093184
1 24101376
1 24109568
1 4294180864
0 7340544
0 7348736
0 7356928
0 7365120
0 7373312
0 7381504
0 7389696
0 7397888
0 15729152
0 15737344
0 15745536
0 15753728
0 15761920
0 15770112
0 15778304
0 15786496
1 24117760
1 24125952
1 24134144
1 24142336
1 24150528
1 24158720
1 24166912
1 24175104
1 4294180864
0 7406080
0 7414272
0 7422464
0 7430656
0 7438848
0 7447040
0 7455232
0 7463424
0 15794688
0 15802880
0 15811072
0 15819264
0 15827456
0 15835648
0 15843840
0 15852032
1 24183296
1 24191488
1 24199680
1 24207872
1 24216064
1 24224256
1 24232448
1 24240640
1 4294180864
0 7471616
0 7479808
0 7488000
0 7496192
0 7504384
0 7512576
0 7520768
0 7528960
0 15860224
0 15868416
0 15876608
0 15884800
0 15892992
0 15901184
0 15909376
0 15917568
1 24248832
1 24257024
1 24265216
1 24273408
1 24281600
1 24289792
1 24297984
1 24306176
1 4294180864
0 7537152
0 7545344
0 7553536
0 7561728
0 7569920
0 7578112
0 7586304
0 7594496
0 15925760
0 15933952
0 15942144
0 15950336
0 15958528
0 15966720
0 15974912
0 15983104
1 24314368
1 24322560
1 24330752
1 24338944
1 24347136
1 24355328
1 24363520
1 24371712
1 4294180864
0 7602688
0 7610880
0 7619072
0 7627264
0 7635456
0 7643648
0 7651840
0 7660032
0 15991296
0 15999488
0 16007680
0 16015872
0 16024064
0 16032256
0 16040448
0 16048640
1 24379904
1 24388096
1 24396288
1 24404480
1 24412672
1 24420864
1 24429056
1 24437248
1 4294180864
0 7668224
0 7676416
0 7684608
0 7692800
0 7700992
0 7709184
0 7717376
0 7725568
0 16056832
0 16065024
0 16073216
0 16081408
0 16089600
0 16097792
0 16105984
0 16114176
1 24445440
1 24453632
1 24461824
1 24470016
1 24478208
1 24486400
1 24494592
1 24502784
1 4294180864
0 7733760
0 7741952
0 7750144
0 7758336
0 7766528
0 7774720
0 7782912
0 7791104
0 16122368
0 16130560
0 16138752
0 16146944
0 16155136
0 16163328
0 16171520
0 16179712
1 24510976
1 24519168
1 24527360
1 24535552
1 24543744
1 24551936
1 24560128
1 24568320
1 4294180864
0 7799296
0 7807488
0 7815680
0 7823872
0 7832064
0 7840256
0 7848448
0 7856640
0 16187904
0 16196096
0 16204288
0 16212480
0 16220672
0 16228864
0 16237056
0 16245248
1 24576512
1 24584704
1 24592896
1 24601088
1 24609280
1 24617472
1 24625664
1 24633856
1 4294180864
0 7864832
0 7873024
0 7881216
0 7889408
0 7897600
0 7905792
0 7913984
0 7922176
0 16253440
0 16261632
0 16269824
0 16278016
0 16286208
0 16294400
0 16302592
0 16310784
1 24642048
1 24650240
1 24658432
1 24666624
1 24674816
1 24683008
1 24691200
1 24699392
1 4294180864
0 7930368
0 7938560
0 7946752
0 7954944
0 7963136
0 7971328
0 7979520
0 7987712
0 16318976
0 16327168
0 16335360
0 16343552
0 16351744
0 16359936
0 16368128
0 16376320
1 24707584
1 24715776
1 24723968
1 24732160
1 24740352
1 24748544
1 24756736
1 24764928
1 4294180864
0 7995904
0 8004096
0 8012288
0 8020480
0 8028672
0 8036864
0 8045056
0 8053248
0 16384512
0 16392704
0 16400896
0 16409088
0 16417280
0 16425472
0 16433664
0 16441856
1 24773120
1 24781312
1 24789504
1 24797696
1 24805888
1 24814080
1 24822272
1 24830464
1 4294180864
0 8061440
0 8069632
0 8077824
0 8086016
0 8094208
0 8102400
0 8110592
0 8118784
0 16450048
0 16458240
0 16466432
0 16474624
0 16482816
0 16491008
0 16499200
0 16507392
1 24838656
1 24846848
1 24855040
1 24863232
1 24871424
1 24879616
1 24887808
1 24896000
1 4294180864
0 8126976
0 8135168
0 8143360
0 8151552
0 8159744
0 8167936
0 8176128
0 8184320
0 16515584
0 16523776
0 16531968
0 16540160
0 16548352
0 16556544
0 16564736
0 16572928
1 24904192
1 24912384
1 24920576
1 24928768
1 24936960
1 24945152
1 24953344
1 24961536
1 4294180864
0 8192512
0 8200704
0 8208896
0 8217088
0 8225280
0 8233472
0 8241664
0 8249856
0 16581120
0 16589312
0 16597504
0 16605696
0 16613888
0 16622080
0 16630272
0 16638464
1 24969728
1 24977920
1 24986112
1 24994304
1 25002496
1 25010688
1 25018880
1 25027072
1 4294180864
0 8258048
0 8266240
0 8274432
0 8282624
0 8290816
0 8299008
0 8307200
0 8315392
0 16646656
0 16654848
0 16663040
0 16671232
0 16679424
0 16687616
0 16695808
0 16704000
1 25035264
1 25043456
1 25051648
1 25059840
1 25068032
1 25076224
1 25084416
1 25092608
1 4294180864
0 8323584
0 8331776
0 8339968
0 8348160
0 8356352
0 8364544
0 8372736
0 8380928
0 16712192
0 16720384
0 16728576
0 16736768
0 16744960
0 16753152
0 16761344
0 16769536
1 25100800
1 25108992
1 25117184
1 25125376
1 25133568
1 25141760
1 25149952
1 25158144
0 4294705152
