0 4294443008
1 4293918720
1 4293926912
1 4293935104
1 4293943296
1 4294180864
0 0
0 8192
0 16384
0 24576
0 32768
0 40960
0 49152
0 57344
0 131072
0 139264
0 147456
0 155648
0 163840
0 172032
0 180224
0 188416
1 262144
1 270336
1 278528
1 286720
1 294912
1 303104
1 311296
1 319488
1 4294180864
0 65536
0 73728
0 81920
0 90112
0 98304
0 106496
0 114688
0 122880
0 196608
0 204800
0 212992
0 221184
0 229376
0 237568
0 245760
0 253952
1 327680
1 335872
1 344064
1 352256
1 360448
1 368640
1 376832
1 385024
1 4294180864
0 512
0 8704
0 16896
0 25088
0 33280
0 41472
0 49664
0 57856
0 131584
0 139776
0 147968
0 156160
0 164352
0 172544
0 180736
0 188928
1 262656
1 270848
1 279040
1 287232
1 295424
1 303616
1 311808
1 320000
1 4294180864
0 66048
0 74240
0 82432
0 90624
0 98816
0 107008
0 115200
0 123392
0 197120
0 205312
0 213504
0 221696
0 229888
0 238080
0 246272
0 254464
1 328192
1 336384
1 344576
1 352768
1 360960
1 369152
1 377344
1 385536
0 4294705152
