1 0
1 512
1 1024
1 1536
1 2048
1 2560
1 3072
1 3584
1 4096
1 4608
1 5120
1 5632
1 6144
1 6656
1 7168
1 7680
1 8192
1 8704
1 9216
1 9728
1 10240
1 10752
1 11264
1 11776
1 12288
1 12800
1 13312
1 13824
1 14336
1 14848
1 15360
1 15872
1 16384
1 16896
1 17408
1 17920
1 18432
1 18944
1 19456
1 19968
1 20480
1 20992
1 21504
1 22016
1 22528
1 23040
1 23552
1 24064
1 24576
1 25088
1 25600
1 26112
1 26624
1 27136
1 27648
1 28160
1 28672
1 29184
1 29696
1 30208
1 30720
1 31232
1 31744
1 32256
1 32768
1 33280
1 33792
1 34304
1 34816
1 35328
1 35840
1 36352
1 36864
1 37376
1 37888
1 38400
1 38912
1 39424
1 39936
1 40448
1 40960
1 41472
1 41984
1 42496
1 43008
1 43520
1 44032
1 44544
1 45056
1 45568
1 46080
1 46592
1 47104
1 47616
1 48128
1 48640
1 49152
1 49664
1 50176
1 50688
1 51200
1 51712
1 52224
1 52736
1 53248
1 53760
1 54272
1 54784
1 55296
1 55808
1 56320
1 56832
1 57344
1 57856
1 58368
1 58880
1 59392
1 59904
1 60416
1 60928
1 61440
1 61952
1 62464
1 62976
1 63488
1 64000
1 64512
1 65024
1 65536
1 66048
1 66560
1 67072
1 67584
1 68096
1 68608
1 69120
1 69632
1 70144
1 70656
1 71168
1 71680
1 72192
1 72704
1 73216
1 73728
1 74240
1 74752
1 75264
1 75776
1 76288
1 76800
1 77312
1 77824
1 78336
1 78848
1 79360
1 79872
1 80384
1 80896
1 81408
1 81920
1 82432
1 82944
1 83456
1 83968
1 84480
1 84992
1 85504
1 86016
1 86528
1 87040
1 87552
1 88064
1 88576
1 89088
1 89600
1 90112
1 90624
1 91136
1 91648
1 92160
1 92672
1 93184
1 93696
1 94208
1 94720
1 95232
1 95744
1 96256
1 96768
1 97280
1 97792
1 98304
1 98816
1 99328
1 99840
1 100352
1 100864
1 101376
1 101888
1 102400
1 102912
1 103424
1 103936
1 104448
1 104960
1 105472
1 105984
1 106496
1 107008
1 107520
1 108032
1 108544
1 109056
1 109568
1 110080
1 110592
1 111104
1 111616
1 112128
1 112640
1 113152
1 113664
1 114176
1 114688
1 115200
1 115712
1 116224
1 116736
1 117248
1 117760
1 118272
1 118784
1 119296
1 119808
1 120320
1 120832
1 121344
1 121856
1 122368
1 122880
1 123392
1 123904
1 124416
1 124928
1 125440
1 125952
1 126464
1 126976
1 127488
1 128000
1 128512
1 129024
1 129536
1 130048
1 130560
1 131072
1 131584
1 132096
1 132608
1 133120
1 133632
1 134144
1 134656
1 135168
1 135680
1 136192
1 136704
1 137216
1 137728
1 138240
1 138752
1 139264
1 139776
1 140288
1 140800
1 141312
1 141824
1 142336
1 142848
1 143360
1 143872
1 144384
1 144896
1 145408
1 145920
1 146432
1 146944
1 147456
1 147968
1 148480
1 148992
1 149504
1 150016
1 150528
1 151040
1 151552
1 152064
1 152576
1 153088
1 153600
1 154112
1 154624
1 155136
1 155648
1 156160
1 156672
1 157184
1 157696
1 158208
1 158720
1 159232
1 159744
1 160256
1 160768
1 161280
1 161792
1 162304
1 162816
1 163328
1 163840
1 164352
1 164864
1 165376
1 165888
1 166400
1 166912
1 167424
1 167936
1 168448
1 168960
1 169472
1 169984
1 170496
1 171008
1 171520
1 172032
1 172544
1 173056
1 173568
1 174080
1 174592
1 175104
1 175616
1 176128
1 176640
1 177152
1 177664
1 178176
1 178688
1 179200
1 179712
1 180224
1 180736
1 181248
1 181760
1 182272
1 182784
1 183296
1 183808
1 184320
1 184832
1 185344
1 185856
1 186368
1 186880
1 187392
1 187904
1 188416
1 188928
1 189440
1 189952
1 190464
1 190976
1 191488
1 192000
1 192512
1 193024
1 193536
1 194048
1 194560
1 195072
1 195584
1 196096
1 196608
1 197120
1 197632
1 198144
1 198656
1 199168
1 199680
1 200192
1 200704
1 201216
1 201728
1 202240
1 202752
1 203264
1 203776
1 204288
1 204800
1 205312
1 205824
1 206336
1 206848
1 207360
1 207872
1 208384
1 208896
1 209408
1 209920
1 210432
1 210944
1 211456
1 211968
1 212480
1 212992
1 213504
1 214016
1 214528
1 215040
1 215552
1 216064
1 216576
1 217088
1 217600
1 218112
1 218624
1 219136
1 219648
1 220160
1 220672
1 221184
1 221696
1 222208
1 222720
1 223232
1 223744
1 224256
1 224768
1 225280
1 225792
1 226304
1 226816
1 227328
1 227840
1 228352
1 228864
1 229376
1 229888
1 230400
1 230912
1 231424
1 231936
1 232448
1 232960
1 233472
1 233984
1 234496
1 235008
1 235520
1 236032
1 236544
1 237056
1 237568
1 238080
1 238592
1 239104
1 239616
1 240128
1 240640
1 241152
1 241664
1 242176
1 242688
1 243200
1 243712
1 244224
1 244736
1 245248
1 245760
1 246272
1 246784
1 247296
1 247808
1 248320
1 248832
1 249344
1 249856
1 250368
1 250880
1 251392
1 251904
1 252416
1 252928
1 253440
1 253952
1 254464
1 254976
1 255488
1 256000
1 256512
1 257024
1 257536
1 258048
1 258560
1 259072
1 259584
1 260096
1 260608
1 261120
1 261632
1 262144
1 262656
1 263168
1 263680
1 264192
1 264704
1 265216
1 265728
1 266240
1 266752
1 267264
1 267776
1 268288
1 268800
1 269312
1 269824
1 270336
1 270848
1 271360
1 271872
1 272384
1 272896
1 273408
1 273920
1 274432
1 274944
1 275456
1 275968
1 276480
1 276992
1 277504
1 278016
1 278528
1 279040
1 279552
1 280064
1 280576
1 281088
1 281600
1 282112
1 282624
1 283136
1 283648
1 284160
1 284672
1 285184
1 285696
1 286208
1 286720
1 287232
1 287744
1 288256
1 288768
1 289280
1 289792
1 290304
1 290816
1 291328
1 291840
1 292352
1 292864
1 293376
1 293888
1 294400
1 294912
1 295424
1 295936
1 296448
1 296960
1 297472
1 297984
1 298496
1 299008
1 299520
1 300032
1 300544
1 301056
1 301568
1 302080
1 302592
1 303104
1 303616
1 304128
1 304640
1 305152
1 305664
1 306176
1 306688
1 307200
1 307712
1 308224
1 308736
1 309248
1 309760
1 310272
1 310784
1 311296
1 311808
1 312320
1 312832
1 313344
1 313856
1 314368
1 314880
1 315392
1 315904
1 316416
1 316928
1 317440
1 317952
1 318464
1 318976
1 319488
1 320000
1 320512
1 321024
1 321536
1 322048
1 322560
1 323072
1 323584
1 324096
1 324608
1 325120
1 325632
1 326144
1 326656
1 327168
1 327680
1 328192
1 328704
1 329216
1 329728
1 330240
1 330752
1 331264
1 331776
1 332288
1 332800
1 333312
1 333824
1 334336
1 334848
1 335360
1 335872
1 336384
1 336896
1 337408
1 337920
1 338432
1 338944
1 339456
1 339968
1 340480
1 340992
1 341504
1 342016
1 342528
1 343040
1 343552
1 344064
1 344576
1 345088
1 345600
1 346112
1 346624
1 347136
1 347648
1 348160
1 348672
1 349184
1 349696
1 350208
1 350720
1 351232
1 351744
1 352256
1 352768
1 353280
1 353792
1 354304
1 354816
1 355328
1 355840
1 356352
1 356864
1 357376
1 357888
1 358400
1 358912
1 359424
1 359936
1 360448
1 360960
1 361472
1 361984
1 362496
1 363008
1 363520
1 364032
1 364544
1 365056
1 365568
1 366080
1 366592
1 367104
1 367616
1 368128
1 368640
1 369152
1 369664
1 370176
1 370688
1 371200
1 371712
1 372224
1 372736
1 373248
1 373760
1 374272
1 374784
1 375296
1 375808
1 376320
1 376832
1 377344
1 377856
1 378368
1 378880
1 379392
1 379904
1 380416
1 380928
1 381440
1 381952
1 382464
1 382976
1 383488
1 384000
1 384512
1 385024
1 385536
1 386048
1 386560
1 387072
1 387584
1 388096
1 388608
1 389120
1 389632
1 390144
1 390656
1 391168
1 391680
1 392192
1 392704
1 393216
1 393728
1 394240
1 394752
1 395264
1 395776
1 396288
1 396800
1 397312
1 397824
1 398336
1 398848
1 399360
1 399872
1 400384
1 400896
1 401408
1 401920
1 402432
1 402944
1 403456
1 403968
1 404480
1 404992
1 405504
1 406016
1 406528
1 407040
1 407552
1 408064
1 408576
1 409088
1 409600
1 410112
1 410624
1 411136
1 411648
1 412160
1 412672
1 413184
1 413696
1 414208
1 414720
1 415232
1 415744
1 416256
1 416768
1 417280
1 417792
1 418304
1 418816
1 419328
1 419840
1 420352
1 420864
1 421376
1 421888
1 422400
1 422912
1 423424
1 423936
1 424448
1 424960
1 425472
1 425984
1 426496
1 427008
1 427520
1 428032
1 428544
1 429056
1 429568
1 430080
1 430592
1 431104
1 431616
1 432128
1 432640
1 433152
1 433664
1 434176
1 434688
1 435200
1 435712
1 436224
1 436736
1 437248
1 437760
1 438272
1 438784
1 439296
1 439808
1 440320
1 440832
1 441344
1 441856
1 442368
1 442880
1 443392
1 443904
1 444416
1 444928
1 445440
1 445952
1 446464
1 446976
1 447488
1 448000
1 448512
1 449024
1 449536
1 450048
1 450560
1 451072
1 451584
1 452096
1 452608
1 453120
1 453632
1 454144
1 454656
1 455168
1 455680
1 456192
1 456704
1 457216
1 457728
1 458240
1 458752
1 459264
1 459776
1 460288
1 460800
1 461312
1 461824
1 462336
1 462848
1 463360
1 463872
1 464384
1 464896
1 465408
1 465920
1 466432
1 466944
1 467456
1 467968
1 468480
1 468992
1 469504
1 470016
1 470528
1 471040
1 471552
1 472064
1 472576
1 473088
1 473600
1 474112
1 474624
1 475136
1 475648
1 476160
1 476672
1 477184
1 477696
1 478208
1 478720
1 479232
1 479744
1 480256
1 480768
1 481280
1 481792
1 482304
1 482816
1 483328
1 483840
1 484352
1 484864
1 485376
1 485888
1 486400
1 486912
1 487424
1 487936
1 488448
1 488960
1 489472
1 489984
1 490496
1 491008
1 491520
1 492032
1 492544
1 493056
1 493568
1 494080
1 494592
1 495104
1 495616
1 496128
1 496640
1 497152
1 497664
1 498176
1 498688
1 499200
1 499712
1 500224
1 500736
1 501248
1 501760
1 502272
1 502784
1 503296
1 503808
1 504320
1 504832
1 505344
1 505856
1 506368
1 506880
1 507392
1 507904
1 508416
1 508928
1 509440
1 509952
1 510464
1 510976
1 511488
1 512000
1 512512
1 513024
1 513536
1 514048
1 514560
1 515072
1 515584
1 516096
1 516608
1 517120
1 517632
1 518144
1 518656
1 519168
1 519680
1 520192
1 520704
1 521216
1 521728
1 522240
1 522752
1 523264
1 523776
1 524288
1 524800
1 525312
1 525824
1 526336
1 526848
1 527360
1 527872
1 528384
1 528896
1 529408
1 529920
1 530432
1 530944
1 531456
1 531968
1 532480
1 532992
1 533504
1 534016
1 534528
1 535040
1 535552
1 536064
1 536576
1 537088
1 537600
1 538112
1 538624
1 539136
1 539648
1 540160
1 540672
1 541184
1 541696
1 542208
1 542720
1 543232
1 543744
1 544256
1 544768
1 545280
1 545792
1 546304
1 546816
1 547328
1 547840
1 548352
1 548864
1 549376
1 549888
1 550400
1 550912
1 551424
1 551936
1 552448
1 552960
1 553472
1 553984
1 554496
1 555008
1 555520
1 556032
1 556544
1 557056
1 557568
1 558080
1 558592
1 559104
1 559616
1 560128
1 560640
1 561152
1 561664
1 562176
1 562688
1 563200
1 563712
1 564224
1 564736
1 565248
1 565760
1 566272
1 566784
1 567296
1 567808
1 568320
1 568832
1 569344
1 569856
1 570368
1 570880
1 571392
1 571904
1 572416
1 572928
1 573440
1 573952
1 574464
1 574976
1 575488
1 576000
1 576512
1 577024
1 577536
1 578048
1 578560
1 579072
1 579584
1 580096
1 580608
1 581120
1 581632
1 582144
1 582656
1 583168
1 583680
1 584192
1 584704
1 585216
1 585728
1 586240
1 586752
1 587264
1 587776
1 588288
1 588800
1 589312
1 589824
1 590336
1 590848
1 591360
1 591872
1 592384
1 592896
1 593408
1 593920
1 594432
1 594944
1 595456
1 595968
1 596480
1 596992
1 597504
1 598016
1 598528
1 599040
1 599552
1 600064
1 600576
1 601088
1 601600
1 602112
1 602624
1 603136
1 603648
1 604160
1 604672
1 605184
1 605696
1 606208
1 606720
1 607232
1 607744
1 608256
1 608768
1 609280
1 609792
1 610304
1 610816
1 611328
1 611840
1 612352
1 612864
1 613376
1 613888
1 614400
1 614912
1 615424
1 615936
1 616448
1 616960
1 617472
1 617984
1 618496
1 619008
1 619520
1 620032
1 620544
1 621056
1 621568
1 622080
1 622592
1 623104
1 623616
1 624128
1 624640
1 625152
1 625664
1 626176
1 626688
1 627200
1 627712
1 628224
1 628736
1 629248
1 629760
1 630272
1 630784
1 631296
1 631808
1 632320
1 632832
1 633344
1 633856
1 634368
1 634880
1 635392
1 635904
1 636416
1 636928
1 637440
1 637952
1 638464
1 638976
1 639488
1 640000
1 640512
1 641024
1 641536
1 642048
1 642560
1 643072
1 643584
1 644096
1 644608
1 645120
1 645632
1 646144
1 646656
1 647168
1 647680
1 648192
1 648704
1 649216
1 649728
1 650240
1 650752
1 651264
1 651776
1 652288
1 652800
1 653312
1 653824
1 654336
1 654848
1 655360
1 655872
1 656384
1 656896
1 657408
1 657920
1 658432
1 658944
1 659456
1 659968
1 660480
1 660992
1 661504
1 662016
1 662528
1 663040
1 663552
1 664064
1 664576
1 665088
1 665600
1 666112
1 666624
1 667136
1 667648
1 668160
1 668672
1 669184
1 669696
1 670208
1 670720
1 671232
1 671744
1 672256
1 672768
1 673280
1 673792
1 674304
1 674816
1 675328
1 675840
1 676352
1 676864
1 677376
1 677888
1 678400
1 678912
1 679424
1 679936
1 680448
1 680960
1 681472
1 681984
1 682496
1 683008
1 683520
1 684032
1 684544
1 685056
1 685568
1 686080
1 686592
1 687104
1 687616
1 688128
1 688640
1 689152
1 689664
1 690176
1 690688
1 691200
1 691712
1 692224
1 692736
1 693248
1 693760
1 694272
1 694784
1 695296
1 695808
1 696320
1 696832
1 697344
1 697856
1 698368
1 698880
1 699392
1 699904
1 700416
1 700928
1 701440
1 701952
1 702464
1 702976
1 703488
1 704000
1 704512
1 705024
1 705536
1 706048
1 706560
1 707072
1 707584
1 708096
1 708608
1 709120
1 709632
1 710144
1 710656
1 711168
1 711680
1 712192
1 712704
1 713216
1 713728
1 714240
1 714752
1 715264
1 715776
1 716288
1 716800
1 717312
1 717824
1 718336
1 718848
1 719360
1 719872
1 720384
1 720896
1 721408
1 721920
1 722432
1 722944
1 723456
1 723968
1 724480
1 724992
1 725504
1 726016
1 726528
1 727040
1 727552
1 728064
1 728576
1 729088
1 729600
1 730112
1 730624
1 731136
1 731648
1 732160
1 732672
1 733184
1 733696
1 734208
1 734720
1 735232
1 735744
1 736256
1 736768
1 737280
1 737792
1 738304
1 738816
1 739328
1 739840
1 740352
1 740864
1 741376
1 741888
1 742400
1 742912
1 743424
1 743936
1 744448
1 744960
1 745472
1 745984
1 746496
1 747008
1 747520
1 748032
1 748544
1 749056
1 749568
1 750080
1 750592
1 751104
1 751616
1 752128
1 752640
1 753152
1 753664
1 754176
1 754688
1 755200
1 755712
1 756224
1 756736
1 757248
1 757760
1 758272
1 758784
1 759296
1 759808
1 760320
1 760832
1 761344
1 761856
1 762368
1 762880
1 763392
1 763904
1 764416
1 764928
1 765440
1 765952
1 766464
1 766976
1 767488
1 768000
1 768512
1 769024
1 769536
1 770048
1 770560
1 771072
1 771584
1 772096
1 772608
1 773120
1 773632
1 774144
1 774656
1 775168
1 775680
1 776192
1 776704
1 777216
1 777728
1 778240
1 778752
1 779264
1 779776
1 780288
1 780800
1 781312
1 781824
1 782336
1 782848
1 783360
1 783872
1 784384
1 784896
1 785408
1 785920
1 786432
1 786944
1 787456
1 787968
1 788480
1 788992
1 789504
1 790016
1 790528
1 791040
1 791552
1 792064
1 792576
1 793088
1 793600
1 794112
1 794624
1 795136
1 795648
1 796160
1 796672
1 797184
1 797696
1 798208
1 798720
1 799232
1 799744
1 800256
1 800768
1 801280
1 801792
1 802304
1 802816
1 803328
1 803840
1 804352
1 804864
1 805376
1 805888
1 806400
1 806912
1 807424
1 807936
1 808448
1 808960
1 809472
1 809984
1 810496
1 811008
1 811520
1 812032
1 812544
1 813056
1 813568
1 814080
1 814592
1 815104
1 815616
1 816128
1 816640
1 817152
1 817664
1 818176
1 818688
1 819200
1 819712
1 820224
1 820736
1 821248
1 821760
1 822272
1 822784
1 823296
1 823808
1 824320
1 824832
1 825344
1 825856
1 826368
1 826880
1 827392
1 827904
1 828416
1 828928
1 829440
1 829952
1 830464
1 830976
1 831488
1 832000
1 832512
1 833024
1 833536
1 834048
1 834560
1 835072
1 835584
1 836096
1 836608
1 837120
1 837632
1 838144
1 838656
1 839168
1 839680
1 840192
1 840704
1 841216
1 841728
1 842240
1 842752
1 843264
1 843776
1 844288
1 844800
1 845312
1 845824
1 846336
1 846848
1 847360
1 847872
1 848384
1 848896
1 849408
1 849920
1 850432
1 850944
1 851456
1 851968
1 852480
1 852992
1 853504
1 854016
1 854528
1 855040
1 855552
1 856064
1 856576
1 857088
1 857600
1 858112
1 858624
1 859136
1 859648
1 860160
1 860672
1 861184
1 861696
1 862208
1 862720
1 863232
1 863744
1 864256
1 864768
1 865280
1 865792
1 866304
1 866816
1 867328
1 867840
1 868352
1 868864
1 869376
1 869888
1 870400
1 870912
1 871424
1 871936
1 872448
1 872960
1 873472
1 873984
1 874496
1 875008
1 875520
1 876032
1 876544
1 877056
1 877568
1 878080
1 878592
1 879104
1 879616
1 880128
1 880640
1 881152
1 881664
1 882176
1 882688
1 883200
1 883712
1 884224
1 884736
1 885248
1 885760
1 886272
1 886784
1 887296
1 887808
1 888320
1 888832
1 889344
1 889856
1 890368
1 890880
1 891392
1 891904
1 892416
1 892928
1 893440
1 893952
1 894464
1 894976
1 895488
1 896000
1 896512
1 897024
1 897536
1 898048
1 898560
1 899072
1 899584
1 900096
1 900608
1 901120
1 901632
1 902144
1 902656
1 903168
1 903680
1 904192
1 904704
1 905216
1 905728
1 906240
1 906752
1 907264
1 907776
1 908288
1 908800
1 909312
1 909824
1 910336
1 910848
1 911360
1 911872
1 912384
1 912896
1 913408
1 913920
1 914432
1 914944
1 915456
1 915968
1 916480
1 916992
1 917504
1 918016
1 918528
1 919040
1 919552
1 920064
1 920576
1 921088
1 921600
1 922112
1 922624
1 923136
1 923648
1 924160
1 924672
1 925184
1 925696
1 926208
1 926720
1 927232
1 927744
1 928256
1 928768
1 929280
1 929792
1 930304
1 930816
1 931328
1 931840
1 932352
1 932864
1 933376
1 933888
1 934400
1 934912
1 935424
1 935936
1 936448
1 936960
1 937472
1 937984
1 938496
1 939008
1 939520
1 940032
1 940544
1 941056
1 941568
1 942080
1 942592
1 943104
1 943616
1 944128
1 944640
1 945152
1 945664
1 946176
1 946688
1 947200
1 947712
1 948224
1 948736
1 949248
1 949760
1 950272
1 950784
1 951296
1 951808
1 952320
1 952832
1 953344
1 953856
1 954368
1 954880
1 955392
1 955904
1 956416
1 956928
1 957440
1 957952
1 958464
1 958976
1 959488
1 960000
1 960512
1 961024
1 961536
1 962048
1 962560
1 963072
1 963584
1 964096
1 964608
1 965120
1 965632
1 966144
1 966656
1 967168
1 967680
1 968192
1 968704
1 969216
1 969728
1 970240
1 970752
1 971264
1 971776
1 972288
1 972800
1 973312
1 973824
1 974336
1 974848
1 975360
1 975872
1 976384
1 976896
1 977408
1 977920
1 978432
1 978944
1 979456
1 979968
1 980480
1 980992
1 981504
1 982016
1 982528
1 983040
1 983552
1 984064
1 984576
1 985088
1 985600
1 986112
1 986624
1 987136
1 987648
1 988160
1 988672
1 989184
1 989696
1 990208
1 990720
1 991232
1 991744
1 992256
1 992768
1 993280
1 993792
1 994304
1 994816
1 995328
1 995840
1 996352
1 996864
1 997376
1 997888
1 998400
1 998912
1 999424
1 999936
1 1000448
1 1000960
1 1001472
1 1001984
1 1002496
1 1003008
1 1003520
1 1004032
1 1004544
1 1005056
1 1005568
1 1006080
1 1006592
1 1007104
1 1007616
1 1008128
1 1008640
1 1009152
1 1009664
1 1010176
1 1010688
1 1011200
1 1011712
1 1012224
1 1012736
1 1013248
1 1013760
1 1014272
1 1014784
1 1015296
1 1015808
1 1016320
1 1016832
1 1017344
1 1017856
1 1018368
1 1018880
1 1019392
1 1019904
1 1020416
1 1020928
1 1021440
1 1021952
1 1022464
1 1022976
1 1023488
1 1024000
1 1024512
1 1025024
1 1025536
1 1026048
1 1026560
1 1027072
1 1027584
1 1028096
1 1028608
1 1029120
1 1029632
1 1030144
1 1030656
1 1031168
1 1031680
1 1032192
1 1032704
1 1033216
1 1033728
1 1034240
1 1034752
1 1035264
1 1035776
1 1036288
1 1036800
1 1037312
1 1037824
1 1038336
1 1038848
1 1039360
1 1039872
1 1040384
1 1040896
1 1041408
1 1041920
1 1042432
1 1042944
1 1043456
1 1043968
1 1044480
1 1044992
1 1045504
1 1046016
1 1046528
1 1047040
1 1047552
1 1048064
2 77777
1 1048576
1 1049088
1 1049600
1 1050112
1 1050624
1 1051136
1 1051648
1 1052160
1 1052672
1 1053184
1 1053696
1 1054208
1 1054720
1 1055232
1 1055744
1 1056256
1 1056768
1 1057280
1 1057792
1 1058304
1 1058816
1 1059328
1 1059840
1 1060352
1 1060864
1 1061376
1 1061888
1 1062400
1 1062912
1 1063424
1 1063936
1 1064448
1 1064960
1 1065472
1 1065984
1 1066496
1 1067008
1 1067520
1 1068032
1 1068544
1 1069056
1 1069568
1 1070080
1 1070592
1 1071104
1 1071616
1 1072128
1 1072640
1 1073152
1 1073664
1 1074176
1 1074688
1 1075200
1 1075712
1 1076224
1 1076736
1 1077248
1 1077760
1 1078272
1 1078784
1 1079296
1 1079808
1 1080320
1 1080832
1 1081344
1 1081856
1 1082368
1 1082880
1 1083392
1 1083904
1 1084416
1 1084928
1 1085440
1 1085952
1 1086464
1 1086976
1 1087488
1 1088000
1 1088512
1 1089024
1 1089536
1 1090048
1 1090560
1 1091072
1 1091584
1 1092096
1 1092608
1 1093120
1 1093632
1 1094144
1 1094656
1 1095168
1 1095680
1 1096192
1 1096704
1 1097216
1 1097728
1 1098240
1 1098752
1 1099264
1 1099776
1 1100288
1 1100800
1 1101312
1 1101824
1 1102336
1 1102848
1 1103360
1 1103872
1 1104384
1 1104896
1 1105408
1 1105920
1 1106432
1 1106944
1 1107456
1 1107968
1 1108480
1 1108992
1 1109504
1 1110016
1 1110528
1 1111040
1 1111552
1 1112064
1 1112576
1 1113088
1 1113600
1 1114112
1 1114624
1 1115136
1 1115648
1 1116160
1 1116672
1 1117184
1 1117696
1 1118208
1 1118720
1 1119232
1 1119744
1 1120256
1 1120768
1 1121280
1 1121792
1 1122304
1 1122816
1 1123328
1 1123840
1 1124352
1 1124864
1 1125376
1 1125888
1 1126400
1 1126912
1 1127424
1 1127936
1 1128448
1 1128960
1 1129472
1 1129984
1 1130496
1 1131008
1 1131520
1 1132032
1 1132544
1 1133056
1 1133568
1 1134080
1 1134592
1 1135104
1 1135616
1 1136128
1 1136640
1 1137152
1 1137664
1 1138176
1 1138688
1 1139200
1 1139712
1 1140224
1 1140736
1 1141248
1 1141760
1 1142272
1 1142784
1 1143296
1 1143808
1 1144320
1 1144832
1 1145344
1 1145856
1 1146368
1 1146880
1 1147392
1 1147904
1 1148416
1 1148928
1 1149440
1 1149952
1 1150464
1 1150976
1 1151488
1 1152000
1 1152512
1 1153024
1 1153536
1 1154048
1 1154560
1 1155072
1 1155584
1 1156096
1 1156608
1 1157120
1 1157632
1 1158144
1 1158656
1 1159168
1 1159680
1 1160192
1 1160704
1 1161216
1 1161728
1 1162240
1 1162752
1 1163264
1 1163776
1 1164288
1 1164800
1 1165312
1 1165824
1 1166336
1 1166848
1 1167360
1 1167872
1 1168384
1 1168896
1 1169408
1 1169920
1 1170432
1 1170944
1 1171456
1 1171968
1 1172480
1 1172992
1 1173504
1 1174016
1 1174528
1 1175040
1 1175552
1 1176064
1 1176576
1 1177088
1 1177600
1 1178112
1 1178624
1 1179136
1 1179648
1 1180160
1 1180672
1 1181184
1 1181696
1 1182208
1 1182720
1 1183232
1 1183744
1 1184256
1 1184768
1 1185280
1 1185792
1 1186304
1 1186816
1 1187328
1 1187840
1 1188352
1 1188864
1 1189376
1 1189888
1 1190400
1 1190912
1 1191424
1 1191936
1 1192448
1 1192960
1 1193472
1 1193984
1 1194496
1 1195008
1 1195520
1 1196032
1 1196544
1 1197056
1 1197568
1 1198080
1 1198592
1 1199104
1 1199616
1 1200128
1 1200640
1 1201152
1 1201664
1 1202176
1 1202688
1 1203200
1 1203712
1 1204224
1 1204736
1 1205248
1 1205760
1 1206272
1 1206784
1 1207296
1 1207808
1 1208320
1 1208832
1 1209344
1 1209856
1 1210368
1 1210880
1 1211392
1 1211904
1 1212416
1 1212928
1 1213440
1 1213952
1 1214464
1 1214976
1 1215488
1 1216000
1 1216512
1 1217024
1 1217536
1 1218048
1 1218560
1 1219072
1 1219584
1 1220096
1 1220608
1 1221120
1 1221632
1 1222144
1 1222656
1 1223168
1 1223680
1 1224192
1 1224704
1 1225216
1 1225728
1 1226240
1 1226752
1 1227264
1 1227776
1 1228288
1 1228800
1 1229312
1 1229824
1 1230336
1 1230848
1 1231360
1 1231872
1 1232384
1 1232896
1 1233408
1 1233920
1 1234432
1 1234944
1 1235456
1 1235968
1 1236480
1 1236992
1 1237504
1 1238016
1 1238528
1 1239040
1 1239552
1 1240064
1 1240576
1 1241088
1 1241600
1 1242112
1 1242624
1 1243136
1 1243648
1 1244160
1 1244672
1 1245184
1 1245696
1 1246208
1 1246720
1 1247232
1 1247744
1 1248256
1 1248768
1 1249280
1 1249792
1 1250304
1 1250816
1 1251328
1 1251840
1 1252352
1 1252864
1 1253376
1 1253888
1 1254400
1 1254912
1 1255424
1 1255936
1 1256448
1 1256960
1 1257472
1 1257984
1 1258496
1 1259008
1 1259520
1 1260032
1 1260544
1 1261056
1 1261568
1 1262080
1 1262592
1 1263104
1 1263616
1 1264128
1 1264640
1 1265152
1 1265664
1 1266176
1 1266688
1 1267200
1 1267712
1 1268224
1 1268736
1 1269248
1 1269760
1 1270272
1 1270784
1 1271296
1 1271808
1 1272320
1 1272832
1 1273344
1 1273856
1 1274368
1 1274880
1 1275392
1 1275904
1 1276416
1 1276928
1 1277440
1 1277952
1 1278464
1 1278976
1 1279488
1 1280000
1 1280512
1 1281024
1 1281536
1 1282048
1 1282560
1 1283072
1 1283584
1 1284096
1 1284608
1 1285120
1 1285632
1 1286144
1 1286656
1 1287168
1 1287680
1 1288192
1 1288704
1 1289216
1 1289728
1 1290240
1 1290752
1 1291264
1 1291776
1 1292288
1 1292800
1 1293312
1 1293824
1 1294336
1 1294848
1 1295360
1 1295872
1 1296384
1 1296896
1 1297408
1 1297920
1 1298432
1 1298944
1 1299456
1 1299968
1 1300480
1 1300992
1 1301504
1 1302016
1 1302528
1 1303040
1 1303552
1 1304064
1 1304576
1 1305088
1 1305600
1 1306112
1 1306624
1 1307136
1 1307648
1 1308160
1 1308672
1 1309184
1 1309696
1 1310208
1 1310720
1 1311232
1 1311744
1 1312256
1 1312768
1 1313280
1 1313792
1 1314304
1 1314816
1 1315328
1 1315840
1 1316352
1 1316864
1 1317376
1 1317888
1 1318400
1 1318912
1 1319424
1 1319936
1 1320448
1 1320960
1 1321472
1 1321984
1 1322496
1 1323008
1 1323520
1 1324032
1 1324544
1 1325056
1 1325568
1 1326080
1 1326592
1 1327104
1 1327616
1 1328128
1 1328640
1 1329152
1 1329664
1 1330176
1 1330688
1 1331200
1 1331712
1 1332224
1 1332736
1 1333248
1 1333760
1 1334272
1 1334784
1 1335296
1 1335808
1 1336320
1 1336832
1 1337344
1 1337856
1 1338368
1 1338880
1 1339392
1 1339904
1 1340416
1 1340928
1 1341440
1 1341952
1 1342464
1 1342976
1 1343488
1 1344000
1 1344512
1 1345024
1 1345536
1 1346048
1 1346560
1 1347072
1 1347584
1 1348096
1 1348608
1 1349120
1 1349632
1 1350144
1 1350656
1 1351168
1 1351680
1 1352192
1 1352704
1 1353216
1 1353728
1 1354240
1 1354752
1 1355264
1 1355776
1 1356288
1 1356800
1 1357312
1 1357824
1 1358336
1 1358848
1 1359360
1 1359872
1 1360384
1 1360896
1 1361408
1 1361920
1 1362432
1 1362944
1 1363456
1 1363968
1 1364480
1 1364992
1 1365504
1 1366016
1 1366528
1 1367040
1 1367552
1 1368064
1 1368576
1 1369088
1 1369600
1 1370112
1 1370624
1 1371136
1 1371648
1 1372160
1 1372672
1 1373184
1 1373696
1 1374208
1 1374720
1 1375232
1 1375744
1 1376256
1 1376768
1 1377280
1 1377792
1 1378304
1 1378816
1 1379328
1 1379840
1 1380352
1 1380864
1 1381376
1 1381888
1 1382400
1 1382912
1 1383424
1 1383936
1 1384448
1 1384960
1 1385472
1 1385984
1 1386496
1 1387008
1 1387520
1 1388032
1 1388544
1 1389056
1 1389568
1 1390080
1 1390592
1 1391104
1 1391616
1 1392128
1 1392640
1 1393152
1 1393664
1 1394176
1 1394688
1 1395200
1 1395712
1 1396224
1 1396736
1 1397248
1 1397760
1 1398272
1 1398784
1 1399296
1 1399808
1 1400320
1 1400832
1 1401344
1 1401856
1 1402368
1 1402880
1 1403392
1 1403904
1 1404416
1 1404928
1 1405440
1 1405952
1 1406464
1 1406976
1 1407488
1 1408000
1 1408512
1 1409024
1 1409536
1 1410048
1 1410560
1 1411072
1 1411584
1 1412096
1 1412608
1 1413120
1 1413632
1 1414144
1 1414656
1 1415168
1 1415680
1 1416192
1 1416704
1 1417216
1 1417728
1 1418240
1 1418752
1 1419264
1 1419776
1 1420288
1 1420800
1 1421312
1 1421824
1 1422336
1 1422848
1 1423360
1 1423872
1 1424384
1 1424896
1 1425408
1 1425920
1 1426432
1 1426944
1 1427456
1 1427968
1 1428480
1 1428992
1 1429504
1 1430016
1 1430528
1 1431040
1 1431552
1 1432064
1 1432576
1 1433088
1 1433600
1 1434112
1 1434624
1 1435136
1 1435648
1 1436160
1 1436672
1 1437184
1 1437696
1 1438208
1 1438720
1 1439232
1 1439744
1 1440256
1 1440768
1 1441280
1 1441792
1 1442304
1 1442816
1 1443328
1 1443840
1 1444352
1 1444864
1 1445376
1 1445888
1 1446400
1 1446912
1 1447424
1 1447936
1 1448448
1 1448960
1 1449472
1 1449984
1 1450496
1 1451008
1 1451520
1 1452032
1 1452544
1 1453056
1 1453568
1 1454080
1 1454592
1 1455104
1 1455616
1 1456128
1 1456640
1 1457152
1 1457664
1 1458176
1 1458688
1 1459200
1 1459712
1 1460224
1 1460736
1 1461248
1 1461760
1 1462272
1 1462784
1 1463296
1 1463808
1 1464320
1 1464832
1 1465344
1 1465856
1 1466368
1 1466880
1 1467392
1 1467904
1 1468416
1 1468928
1 1469440
1 1469952
1 1470464
1 1470976
1 1471488
1 1472000
1 1472512
1 1473024
1 1473536
1 1474048
1 1474560
1 1475072
1 1475584
1 1476096
1 1476608
1 1477120
1 1477632
1 1478144
1 1478656
1 1479168
1 1479680
1 1480192
1 1480704
1 1481216
1 1481728
1 1482240
1 1482752
1 1483264
1 1483776
1 1484288
1 1484800
1 1485312
1 1485824
1 1486336
1 1486848
1 1487360
1 1487872
1 1488384
1 1488896
1 1489408
1 1489920
1 1490432
1 1490944
1 1491456
1 1491968
1 1492480
1 1492992
1 1493504
1 1494016
1 1494528
1 1495040
1 1495552
1 1496064
1 1496576
1 1497088
1 1497600
1 1498112
1 1498624
1 1499136
1 1499648
1 1500160
1 1500672
1 1501184
1 1501696
1 1502208
1 1502720
1 1503232
1 1503744
1 1504256
1 1504768
1 1505280
1 1505792
1 1506304
1 1506816
1 1507328
1 1507840
1 1508352
1 1508864
1 1509376
1 1509888
1 1510400
1 1510912
1 1511424
1 1511936
1 1512448
1 1512960
1 1513472
1 1513984
1 1514496
1 1515008
1 1515520
1 1516032
1 1516544
1 1517056
1 1517568
1 1518080
1 1518592
1 1519104
1 1519616
1 1520128
1 1520640
1 1521152
1 1521664
1 1522176
1 1522688
1 1523200
1 1523712
1 1524224
1 1524736
1 1525248
1 1525760
1 1526272
1 1526784
1 1527296
1 1527808
1 1528320
1 1528832
1 1529344
1 1529856
1 1530368
1 1530880
1 1531392
1 1531904
1 1532416
1 1532928
1 1533440
1 1533952
1 1534464
1 1534976
1 1535488
1 1536000
1 1536512
1 1537024
1 1537536
1 1538048
1 1538560
1 1539072
1 1539584
1 1540096
1 1540608
1 1541120
1 1541632
1 1542144
1 1542656
1 1543168
1 1543680
1 1544192
1 1544704
1 1545216
1 1545728
1 1546240
1 1546752
1 1547264
1 1547776
1 1548288
1 1548800
1 1549312
1 1549824
1 1550336
1 1550848
1 1551360
1 1551872
1 1552384
1 1552896
1 1553408
1 1553920
1 1554432
1 1554944
1 1555456
1 1555968
1 1556480
1 1556992
1 1557504
1 1558016
1 1558528
1 1559040
1 1559552
1 1560064
1 1560576
1 1561088
1 1561600
1 1562112
1 1562624
1 1563136
1 1563648
1 1564160
1 1564672
1 1565184
1 1565696
1 1566208
1 1566720
1 1567232
1 1567744
1 1568256
1 1568768
1 1569280
1 1569792
1 1570304
1 1570816
1 1571328
1 1571840
1 1572352
0 4294443008
1 4293918720
1 4293926912
1 4293935104
1 4293943296
1 4294180864
0 1048576
0 1056768
0 1064960
0 1073152
0 1081344
0 1089536
0 1097728
0 1105920
0 0
0 8192
0 16384
0 24576
0 32768
0 40960
0 49152
0 57344
0 524288
0 532480
0 540672
0 548864
0 557056
0 565248
0 573440
0 581632
1 1572864
1 1581056
1 1589248
1 1597440
1 1605632
1 1613824
1 1622016
1 1630208
1 4294180864
0 1114112
0 1122304
0 1130496
0 1138688
0 1146880
0 1155072
0 1163264
0 1171456
0 65536
0 73728
0 81920
0 90112
0 98304
0 106496
0 114688
0 122880
0 589824
0 598016
0 606208
0 614400
0 622592
0 630784
0 638976
0 647168
1 1638400
1 1646592
1 1654784
1 1662976
1 1671168
1 1679360
1 1687552
1 1695744
1 4294180864
0 1179648
0 1187840
0 1196032
0 1204224
0 1212416
0 1220608
0 1228800
0 1236992
0 131072
0 139264
0 147456
0 155648
0 163840
0 172032
0 180224
0 188416
0 655360
0 663552
0 671744
0 679936
0 688128
0 696320
0 704512
0 712704
1 1703936
1 1712128
1 1720320
1 1728512
1 1736704
1 1744896
1 1753088
1 1761280
1 4294180864
0 1245184
0 1253376
0 1261568
0 1269760
0 1277952
0 1286144
0 1294336
0 1302528
0 196608
0 204800
0 212992
0 221184
0 229376
0 237568
0 245760
0 253952
0 720896
0 729088
0 737280
0 745472
0 753664
0 761856
0 770048
0 778240
1 1769472
1 1777664
1 1785856
1 1794048
1 1802240
1 1810432
1 1818624
1 1826816
1 4294180864
0 1310720
0 1318912
0 1327104
0 1335296
0 1343488
0 1351680
0 1359872
0 1368064
0 262144
0 270336
0 278528
0 286720
0 294912
0 303104
0 311296
0 319488
0 786432
0 794624
0 802816
0 811008
0 819200
0 827392
0 835584
0 843776
1 1835008
1 1843200
1 1851392
1 1859584
1 1867776
1 1875968
1 1884160
1 1892352
1 4294180864
0 1376256
0 1384448
0 1392640
0 1400832
0 1409024
0 1417216
0 1425408
0 1433600
0 327680
0 335872
0 344064
0 352256
0 360448
0 368640
0 376832
0 385024
0 851968
0 860160
0 868352
0 876544
0 884736
0 892928
0 901120
0 909312
1 1900544
1 1908736
1 1916928
1 1925120
1 1933312
1 1941504
1 1949696
1 1957888
1 4294180864
0 1441792
0 1449984
0 1458176
0 1466368
0 1474560
0 1482752
0 1490944
0 1499136
0 393216
0 401408
0 409600
0 417792
0 425984
0 434176
0 442368
0 450560
0 917504
0 925696
0 933888
0 942080
0 950272
0 958464
0 966656
0 974848
1 1966080
1 1974272
1 1982464
1 1990656
1 1998848
1 2007040
1 2015232
1 2023424
1 4294180864
0 1507328
0 1515520
0 1523712
0 1531904
0 1540096
0 1548288
0 1556480
0 1564672
0 458752
0 466944
0 475136
0 483328
0 491520
0 499712
0 507904
0 516096
0 983040
0 991232
0 999424
0 1007616
0 1015808
0 1024000
0 1032192
0 1040384
1 2031616
1 2039808
1 2048000
1 2056192
1 2064384
1 2072576
1 2080768
1 2088960
1 4294180864
0 1049088
0 1057280
0 1065472
0 1073664
0 1081856
0 1090048
0 1098240
0 1106432
0 512
0 8704
0 16896
0 25088
0 33280
0 41472
0 49664
0 57856
0 524800
0 532992
0 541184
0 549376
0 557568
0 565760
0 573952
0 582144
1 1573376
1 1581568
1 1589760
1 1597952
1 1606144
1 1614336
1 1622528
1 1630720
1 4294180864
0 1114624
0 1122816
0 1131008
0 1139200
0 1147392
0 1155584
0 1163776
0 1171968
0 66048
0 74240
0 82432
0 90624
0 98816
0 107008
0 115200
0 123392
0 590336
0 598528
0 606720
0 614912
0 623104
0 631296
0 639488
0 647680
1 1638912
1 1647104
1 1655296
1 1663488
1 1671680
1 1679872
1 1688064
1 1696256
1 4294180864
0 1180160
0 1188352
0 1196544
0 1204736
0 1212928
0 1221120
0 1229312
0 1237504
0 131584
0 139776
0 147968
0 156160
0 164352
0 172544
0 180736
0 188928
0 655872
0 664064
0 672256
0 680448
0 688640
0 696832
0 705024
0 713216
1 1704448
1 1712640
1 1720832
1 1729024
1 1737216
1 1745408
1 1753600
1 1761792
1 4294180864
0 1245696
0 1253888
0 1262080
0 1270272
0 1278464
0 1286656
0 1294848
0 1303040
0 197120
0 205312
0 213504
0 221696
0 229888
0 238080
0 246272
0 254464
0 721408
0 729600
0 737792
0 745984
0 754176
0 762368
0 770560
0 778752
1 1769984
1 1778176
1 1786368
1 1794560
1 1802752
1 1810944
1 1819136
1 1827328
1 4294180864
0 1311232
0 1319424
0 1327616
0 1335808
0 1344000
0 1352192
0 1360384
0 1368576
0 262656
0 270848
0 279040
0 287232
0 295424
0 303616
0 311808
0 320000
0 786944
0 795136
0 803328
0 811520
0 819712
0 827904
0 836096
0 844288
1 1835520
1 1843712
1 1851904
1 1860096
1 1868288
1 1876480
1 1884672
1 1892864
1 4294180864
0 1376768
0 1384960
0 1393152
0 1401344
0 1409536
0 1417728
0 1425920
0 1434112
0 328192
0 336384
0 344576
0 352768
0 360960
0 369152
0 377344
0 385536
0 852480
0 860672
0 868864
0 877056
0 885248
0 893440
0 901632
0 909824
1 1901056
1 1909248
1 1917440
1 1925632
1 1933824
1 1942016
1 1950208
1 1958400
1 4294180864
0 1442304
0 1450496
0 1458688
0 1466880
0 1475072
0 1483264
0 1491456
0 1499648
0 393728
0 401920
0 410112
0 418304
0 426496
0 434688
0 442880
0 451072
0 918016
0 926208
0 934400
0 942592
0 950784
0 958976
0 967168
0 975360
1 1966592
1 1974784
1 1982976
1 1991168
1 1999360
1 2007552
1 2015744
1 2023936
1 4294180864
0 1507840
0 1516032
0 1524224
0 1532416
0 1540608
0 1548800
0 1556992
0 1565184
0 459264
0 467456
0 475648
0 483840
0 492032
0 500224
0 508416
0 516608
0 983552
0 991744
0 999936
0 1008128
0 1016320
0 1024512
0 1032704
0 1040896
1 2032128
1 2040320
1 2048512
1 2056704
1 2064896
1 2073088
1 2081280
1 2089472
0 4294705152
3 77777
0 1572864
0 1573376
0 1573888
0 1574400
0 1574912
0 1575424
0 1575936
0 1576448
0 1576960
0 1577472
0 1577984
0 1578496
0 1579008
0 1579520
0 1580032
0 1580544
0 1581056
0 1581568
0 1582080
0 1582592
0 1583104
0 1583616
0 1584128
0 1584640
0 1585152
0 1585664
0 1586176
0 1586688
0 1587200
0 1587712
0 1588224
0 1588736
0 1589248
0 1589760
0 1590272
0 1590784
0 1591296
0 1591808
0 1592320
0 1592832
0 1593344
0 1593856
0 1594368
0 1594880
0 1595392
0 1595904
0 1596416
0 1596928
0 1597440
0 1597952
0 1598464
0 1598976
0 1599488
0 1600000
0 1600512
0 1601024
0 1601536
0 1602048
0 1602560
0 1603072
0 1603584
0 1604096
0 1604608
0 1605120
0 1605632
0 1606144
0 1606656
0 1607168
0 1607680
0 1608192
0 1608704
0 1609216
0 1609728
0 1610240
0 1610752
0 1611264
0 1611776
0 1612288
0 1612800
0 1613312
0 1613824
0 1614336
0 1614848
0 1615360
0 1615872
0 1616384
0 1616896
0 1617408
0 1617920
0 1618432
0 1618944
0 1619456
0 1619968
0 1620480
0 1620992
0 1621504
0 1622016
0 1622528
0 1623040
0 1623552
0 1624064
0 1624576
0 1625088
0 1625600
0 1626112
0 1626624
0 1627136
0 1627648
0 1628160
0 1628672
0 1629184
0 1629696
0 1630208
0 1630720
0 1631232
0 1631744
0 1632256
0 1632768
0 1633280
0 1633792
0 1634304
0 1634816
0 1635328
0 1635840
0 1636352
0 1636864
0 1637376
0 1637888
0 1638400
0 1638912
0 1639424
0 1639936
0 1640448
0 1640960
0 1641472
0 1641984
0 1642496
0 1643008
0 1643520
0 1644032
0 1644544
0 1645056
0 1645568
0 1646080
0 1646592
0 1647104
0 1647616
0 1648128
0 1648640
0 1649152
0 1649664
0 1650176
0 1650688
0 1651200
0 1651712
0 1652224
0 1652736
0 1653248
0 1653760
0 1654272
0 1654784
0 1655296
0 1655808
0 1656320
0 1656832
0 1657344
0 1657856
0 1658368
0 1658880
0 1659392
0 1659904
0 1660416
0 1660928
0 1661440
0 1661952
0 1662464
0 1662976
0 1663488
0 1664000
0 1664512
0 1665024
0 1665536
0 1666048
0 1666560
0 1667072
0 1667584
0 1668096
0 1668608
0 1669120
0 1669632
0 1670144
0 1670656
0 1671168
0 1671680
0 1672192
0 1672704
0 1673216
0 1673728
0 1674240
0 1674752
0 1675264
0 1675776
0 1676288
0 1676800
0 1677312
0 1677824
0 1678336
0 1678848
0 1679360
0 1679872
0 1680384
0 1680896
0 1681408
0 1681920
0 1682432
0 1682944
0 1683456
0 1683968
0 1684480
0 1684992
0 1685504
0 1686016
0 1686528
0 1687040
0 1687552
0 1688064
0 1688576
0 1689088
0 1689600
0 1690112
0 1690624
0 1691136
0 1691648
0 1692160
0 1692672
0 1693184
0 1693696
0 1694208
0 1694720
0 1695232
0 1695744
0 1696256
0 1696768
0 1697280
0 1697792
0 1698304
0 1698816
0 1699328
0 1699840
0 1700352
0 1700864
0 1701376
0 1701888
0 1702400
0 1702912
0 1703424
0 1703936
0 1704448
0 1704960
0 1705472
0 1705984
0 1706496
0 1707008
0 1707520
0 1708032
0 1708544
0 1709056
0 1709568
0 1710080
0 1710592
0 1711104
0 1711616
0 1712128
0 1712640
0 1713152
0 1713664
0 1714176
0 1714688
0 1715200
0 1715712
0 1716224
0 1716736
0 1717248
0 1717760
0 1718272
0 1718784
0 1719296
0 1719808
0 1720320
0 1720832
0 1721344
0 1721856
0 1722368
0 1722880
0 1723392
0 1723904
0 1724416
0 1724928
0 1725440
0 1725952
0 1726464
0 1726976
0 1727488
0 1728000
0 1728512
0 1729024
0 1729536
0 1730048
0 1730560
0 1731072
0 1731584
0 1732096
0 1732608
0 1733120
0 1733632
0 1734144
0 1734656
0 1735168
0 1735680
0 1736192
0 1736704
0 1737216
0 1737728
0 1738240
0 1738752
0 1739264
0 1739776
0 1740288
0 1740800
0 1741312
0 1741824
0 1742336
0 1742848
0 1743360
0 1743872
0 1744384
0 1744896
0 1745408
0 1745920
0 1746432
0 1746944
0 1747456
0 1747968
0 1748480
0 1748992
0 1749504
0 1750016
0 1750528
0 1751040
0 1751552
0 1752064
0 1752576
0 1753088
0 1753600
0 1754112
0 1754624
0 1755136
0 1755648
0 1756160
0 1756672
0 1757184
0 1757696
0 1758208
0 1758720
0 1759232
0 1759744
0 1760256
0 1760768
0 1761280
0 1761792
0 1762304
0 1762816
0 1763328
0 1763840
0 1764352
0 1764864
0 1765376
0 1765888
0 1766400
0 1766912
0 1767424
0 1767936
0 1768448
0 1768960
0 1769472
0 1769984
0 1770496
0 1771008
0 1771520
0 1772032
0 1772544
0 1773056
0 1773568
0 1774080
0 1774592
0 1775104
0 1775616
0 1776128
0 1776640
0 1777152
0 1777664
0 1778176
0 1778688
0 1779200
0 1779712
0 1780224
0 1780736
0 1781248
0 1781760
0 1782272
0 1782784
0 1783296
0 1783808
0 1784320
0 1784832
0 1785344
0 1785856
0 1786368
0 1786880
0 1787392
0 1787904
0 1788416
0 1788928
0 1789440
0 1789952
0 1790464
0 1790976
0 1791488
0 1792000
0 1792512
0 1793024
0 1793536
0 1794048
0 1794560
0 1795072
0 1795584
0 1796096
0 1796608
0 1797120
0 1797632
0 1798144
0 1798656
0 1799168
0 1799680
0 1800192
0 1800704
0 1801216
0 1801728
0 1802240
0 1802752
0 1803264
0 1803776
0 1804288
0 1804800
0 1805312
0 1805824
0 1806336
0 1806848
0 1807360
0 1807872
0 1808384
0 1808896
0 1809408
0 1809920
0 1810432
0 1810944
0 1811456
0 1811968
0 1812480
0 1812992
0 1813504
0 1814016
0 1814528
0 1815040
0 1815552
0 1816064
0 1816576
0 1817088
0 1817600
0 1818112
0 1818624
0 1819136
0 1819648
0 1820160
0 1820672
0 1821184
0 1821696
0 1822208
0 1822720
0 1823232
0 1823744
0 1824256
0 1824768
0 1825280
0 1825792
0 1826304
0 1826816
0 1827328
0 1827840
0 1828352
0 1828864
0 1829376
0 1829888
0 1830400
0 1830912
0 1831424
0 1831936
0 1832448
0 1832960
0 1833472
0 1833984
0 1834496
0 1835008
0 1835520
0 1836032
0 1836544
0 1837056
0 1837568
0 1838080
0 1838592
0 1839104
0 1839616
0 1840128
0 1840640
0 1841152
0 1841664
0 1842176
0 1842688
0 1843200
0 1843712
0 1844224
0 1844736
0 1845248
0 1845760
0 1846272
0 1846784
0 1847296
0 1847808
0 1848320
0 1848832
0 1849344
0 1849856
0 1850368
0 1850880
0 1851392
0 1851904
0 1852416
0 1852928
0 1853440
0 1853952
0 1854464
0 1854976
0 1855488
0 1856000
0 1856512
0 1857024
0 1857536
0 1858048
0 1858560
0 1859072
0 1859584
0 1860096
0 1860608
0 1861120
0 1861632
0 1862144
0 1862656
0 1863168
0 1863680
0 1864192
0 1864704
0 1865216
0 1865728
0 1866240
0 1866752
0 1867264
0 1867776
0 1868288
0 1868800
0 1869312
0 1869824
0 1870336
0 1870848
0 1871360
0 1871872
0 1872384
0 1872896
0 1873408
0 1873920
0 1874432
0 1874944
0 1875456
0 1875968
0 1876480
0 1876992
0 1877504
0 1878016
0 1878528
0 1879040
0 1879552
0 1880064
0 1880576
0 1881088
0 1881600
0 1882112
0 1882624
0 1883136
0 1883648
0 1884160
0 1884672
0 1885184
0 1885696
0 1886208
0 1886720
0 1887232
0 1887744
0 1888256
0 1888768
0 1889280
0 1889792
0 1890304
0 1890816
0 1891328
0 1891840
0 1892352
0 1892864
0 1893376
0 1893888
0 1894400
0 1894912
0 1895424
0 1895936
0 1896448
0 1896960
0 1897472
0 1897984
0 1898496
0 1899008
0 1899520
0 1900032
0 1900544
0 1901056
0 1901568
0 1902080
0 1902592
0 1903104
0 1903616
0 1904128
0 1904640
0 1905152
0 1905664
0 1906176
0 1906688
0 1907200
0 1907712
0 1908224
0 1908736
0 1909248
0 1909760
0 1910272
0 1910784
0 1911296
0 1911808
0 1912320
0 1912832
0 1913344
0 1913856
0 1914368
0 1914880
0 1915392
0 1915904
0 1916416
0 1916928
0 1917440
0 1917952
0 1918464
0 1918976
0 1919488
0 1920000
0 1920512
0 1921024
0 1921536
0 1922048
0 1922560
0 1923072
0 1923584
0 1924096
0 1924608
0 1925120
0 1925632
0 1926144
0 1926656
0 1927168
0 1927680
0 1928192
0 1928704
0 1929216
0 1929728
0 1930240
0 1930752
0 1931264
0 1931776
0 1932288
0 1932800
0 1933312
0 1933824
0 1934336
0 1934848
0 1935360
0 1935872
0 1936384
0 1936896
0 1937408
0 1937920
0 1938432
0 1938944
0 1939456
0 1939968
0 1940480
0 1940992
0 1941504
0 1942016
0 1942528
0 1943040
0 1943552
0 1944064
0 1944576
0 1945088
0 1945600
0 1946112
0 1946624
0 1947136
0 1947648
0 1948160
0 1948672
0 1949184
0 1949696
0 1950208
0 1950720
0 1951232
0 1951744
0 1952256
0 1952768
0 1953280
0 1953792
0 1954304
0 1954816
0 1955328
0 1955840
0 1956352
0 1956864
0 1957376
0 1957888
0 1958400
0 1958912
0 1959424
0 1959936
0 1960448
0 1960960
0 1961472
0 1961984
0 1962496
0 1963008
0 1963520
0 1964032
0 1964544
0 1965056
0 1965568
0 1966080
0 1966592
0 1967104
0 1967616
0 1968128
0 1968640
0 1969152
0 1969664
0 1970176
0 1970688
0 1971200
0 1971712
0 1972224
0 1972736
0 1973248
0 1973760
0 1974272
0 1974784
0 1975296
0 1975808
0 1976320
0 1976832
0 1977344
0 1977856
0 1978368
0 1978880
0 1979392
0 1979904
0 1980416
0 1980928
0 1981440
0 1981952
0 1982464
0 1982976
0 1983488
0 1984000
0 1984512
0 1985024
0 1985536
0 1986048
0 1986560
0 1987072
0 1987584
0 1988096
0 1988608
0 1989120
0 1989632
0 1990144
0 1990656
0 1991168
0 1991680
0 1992192
0 1992704
0 1993216
0 1993728
0 1994240
0 1994752
0 1995264
0 1995776
0 1996288
0 1996800
0 1997312
0 1997824
0 1998336
0 1998848
0 1999360
0 1999872
0 2000384
0 2000896
0 2001408
0 2001920
0 2002432
0 2002944
0 2003456
0 2003968
0 2004480
0 2004992
0 2005504
0 2006016
0 2006528
0 2007040
0 2007552
0 2008064
0 2008576
0 2009088
0 2009600
0 2010112
0 2010624
0 2011136
0 2011648
0 2012160
0 2012672
0 2013184
0 2013696
0 2014208
0 2014720
0 2015232
0 2015744
0 2016256
0 2016768
0 2017280
0 2017792
0 2018304
0 2018816
0 2019328
0 2019840
0 2020352
0 2020864
0 2021376
0 2021888
0 2022400
0 2022912
0 2023424
0 2023936
0 2024448
0 2024960
0 2025472
0 2025984
0 2026496
0 2027008
0 2027520
0 2028032
0 2028544
0 2029056
0 2029568
0 2030080
0 2030592
0 2031104
0 2031616
0 2032128
0 2032640
0 2033152
0 2033664
0 2034176
0 2034688
0 2035200
0 2035712
0 2036224
0 2036736
0 2037248
0 2037760
0 2038272
0 2038784
0 2039296
0 2039808
0 2040320
0 2040832
0 2041344
0 2041856
0 2042368
0 2042880
0 2043392
0 2043904
0 2044416
0 2044928
0 2045440
0 2045952
0 2046464
0 2046976
0 2047488
0 2048000
0 2048512
0 2049024
0 2049536
0 2050048
0 2050560
0 2051072
0 2051584
0 2052096
0 2052608
0 2053120
0 2053632
0 2054144
0 2054656
0 2055168
0 2055680
0 2056192
0 2056704
0 2057216
0 2057728
0 2058240
0 2058752
0 2059264
0 2059776
0 2060288
0 2060800
0 2061312
0 2061824
0 2062336
0 2062848
0 2063360
0 2063872
0 2064384
0 2064896
0 2065408
0 2065920
0 2066432
0 2066944
0 2067456
0 2067968
0 2068480
0 2068992
0 2069504
0 2070016
0 2070528
0 2071040
0 2071552
0 2072064
0 2072576
0 2073088
0 2073600
0 2074112
0 2074624
0 2075136
0 2075648
0 2076160
0 2076672
0 2077184
0 2077696
0 2078208
0 2078720
0 2079232
0 2079744
0 2080256
0 2080768
0 2081280
0 2081792
0 2082304
0 2082816
0 2083328
0 2083840
0 2084352
0 2084864
0 2085376
0 2085888
0 2086400
0 2086912
0 2087424
0 2087936
0 2088448
0 2088960
0 2089472
0 2089984
0 2090496
0 2091008
0 2091520
0 2092032
0 2092544
0 2093056
0 2093568
0 2094080
0 2094592
0 2095104
0 2095616
0 2096128
0 2096640
