1 2359296
1 2359808
1 2360320
1 2360832
1 2361344
1 2361856
1 2362368
1 2362880
1 2363392
1 2363904
1 2364416
1 2364928
1 2365440
1 2365952
1 2366464
1 2366976
1 2367488
1 2368000
1 2368512
1 2369024
1 2369536
1 2370048
1 2370560
1 2371072
1 2371584
1 2372096
1 2372608
1 2373120
1 2373632
1 2374144
1 2374656
1 2375168
1 2375680
1 2376192
1 2376704
1 2377216
1 2377728
1 2378240
1 2378752
1 2379264
1 2379776
1 2380288
1 2380800
1 2381312
1 2381824
1 2382336
1 2382848
1 2383360
1 2383872
1 2384384
1 2384896
1 2385408
1 2385920
1 2386432
1 2386944
1 2387456
1 2387968
1 2388480
1 2388992
1 2389504
1 2390016
1 2390528
1 2391040
1 2391552
1 2392064
1 2392576
1 2393088
1 2393600
1 2394112
1 2394624
1 2395136
1 2395648
1 2396160
1 2396672
1 2397184
1 2397696
1 2398208
1 2398720
1 2399232
1 2399744
1 2400256
1 2400768
1 2401280
1 2401792
1 2402304
1 2402816
1 2403328
1 2403840
1 2404352
1 2404864
1 2405376
1 2405888
1 2406400
1 2406912
1 2407424
1 2407936
1 2408448
1 2408960
1 2409472
1 2409984
1 2410496
1 2411008
1 2411520
1 2412032
1 2412544
1 2413056
1 2413568
1 2414080
1 2414592
1 2415104
1 2415616
1 2416128
1 2416640
1 2417152
1 2417664
1 2418176
1 2418688
1 2419200
1 2419712
1 2420224
1 2420736
1 2421248
1 2421760
1 2422272
1 2422784
1 2423296
1 2423808
1 2424320
1 2424832
1 2425344
1 2425856
1 2426368
1 2426880
1 2427392
1 2427904
1 2428416
1 2428928
1 2429440
1 2429952
1 2430464
1 2430976
1 2431488
1 2432000
1 2432512
1 2433024
1 2433536
1 2434048
1 2434560
1 2435072
1 2435584
1 2436096
1 2436608
1 2437120
1 2437632
1 2438144
1 2438656
1 2439168
1 2439680
1 2440192
1 2440704
1 2441216
1 2441728
1 2442240
1 2442752
1 2443264
1 2443776
1 2444288
1 2444800
1 2445312
1 2445824
1 2446336
1 2446848
1 2447360
1 2447872
1 2448384
1 2448896
1 2449408
1 2449920
1 2450432
1 2450944
1 2451456
1 2451968
1 2452480
1 2452992
1 2453504
1 2454016
1 2454528
1 2455040
1 2455552
1 2456064
1 2456576
1 2457088
1 2457600
1 2458112
1 2458624
1 2459136
1 2459648
1 2460160
1 2460672
1 2461184
1 2461696
1 2462208
1 2462720
1 2463232
1 2463744
1 2464256
1 2464768
1 2465280
1 2465792
1 2466304
1 2466816
1 2467328
1 2467840
1 2468352
1 2468864
1 2469376
1 2469888
1 2470400
1 2470912
1 2471424
1 2471936
1 2472448
1 2472960
1 2473472
1 2473984
1 2474496
1 2475008
1 2475520
1 2476032
1 2476544
1 2477056
1 2477568
1 2478080
1 2478592
1 2479104
1 2479616
1 2480128
1 2480640
1 2481152
1 2481664
1 2482176
1 2482688
1 2483200
1 2483712
1 2484224
1 2484736
1 2485248
1 2485760
1 2486272
1 2486784
1 2487296
1 2487808
1 2488320
1 2488832
1 2489344
1 2489856
1 2490368
1 2490880
1 2491392
1 2491904
1 2492416
1 2492928
1 2493440
1 2493952
1 2494464
1 2494976
1 2495488
1 2496000
1 2496512
1 2497024
1 2497536
1 2498048
1 2498560
1 2499072
1 2499584
1 2500096
1 2500608
1 2501120
1 2501632
1 2502144
1 2502656
1 2503168
1 2503680
1 2504192
1 2504704
1 2505216
1 2505728
1 2506240
1 2506752
1 2507264
1 2507776
1 2508288
1 2508800
1 2509312
1 2509824
1 2510336
1 2510848
1 2511360
1 2511872
1 2512384
1 2512896
1 2513408
1 2513920
1 2514432
1 2514944
1 2515456
1 2515968
1 2516480
1 2516992
1 2517504
1 2518016
1 2518528
1 2519040
1 2519552
1 2520064
1 2520576
1 2521088
1 2521600
1 2522112
1 2522624
1 2523136
1 2523648
1 2524160
1 2524672
1 2525184
1 2525696
1 2526208
1 2526720
1 2527232
1 2527744
1 2528256
1 2528768
1 2529280
1 2529792
1 2530304
1 2530816
1 2531328
1 2531840
1 2532352
1 2532864
1 2533376
1 2533888
1 2534400
1 2534912
1 2535424
1 2535936
1 2536448
1 2536960
1 2537472
1 2537984
1 2538496
1 2539008
1 2539520
1 2540032
1 2540544
1 2541056
1 2541568
1 2542080
1 2542592
1 2543104
1 2543616
1 2544128
1 2544640
1 2545152
1 2545664
1 2546176
1 2546688
1 2547200
1 2547712
1 2548224
1 2548736
1 2549248
1 2549760
1 2550272
1 2550784
1 2551296
1 2551808
1 2552320
1 2552832
1 2553344
1 2553856
1 2554368
1 2554880
1 2555392
1 2555904
1 2556416
1 2556928
1 2557440
1 2557952
1 2558464
1 2558976
1 2559488
1 2560000
1 2560512
1 2561024
1 2561536
1 2562048
1 2562560
1 2563072
1 2563584
1 2564096
1 2564608
1 2565120
1 2565632
1 2566144
1 2566656
1 2567168
1 2567680
1 2568192
1 2568704
1 2569216
1 2569728
1 2570240
1 2570752
1 2571264
1 2571776
1 2572288
1 2572800
1 2573312
1 2573824
1 2574336
1 2574848
1 2575360
1 2575872
1 2576384
1 2576896
1 2577408
1 2577920
1 2578432
1 2578944
1 2579456
1 2579968
1 2580480
1 2580992
1 2581504
1 2582016
1 2582528
1 2583040
1 2583552
1 2584064
1 2584576
1 2585088
1 2585600
1 2586112
1 2586624
1 2587136
1 2587648
1 2588160
1 2588672
1 2589184
1 2589696
1 2590208
1 2590720
1 2591232
1 2591744
1 2592256
1 2592768
1 2593280
1 2593792
1 2594304
1 2594816
1 2595328
1 2595840
1 2596352
1 2596864
1 2597376
1 2597888
1 2598400
1 2598912
1 2599424
1 2599936
1 2600448
1 2600960
1 2601472
1 2601984
1 2602496
1 2603008
1 2603520
1 2604032
1 2604544
1 2605056
1 2605568
1 2606080
1 2606592
1 2607104
1 2607616
1 2608128
1 2608640
1 2609152
1 2609664
1 2610176
1 2610688
1 2611200
1 2611712
1 2612224
1 2612736
1 2613248
1 2613760
1 2614272
1 2614784
1 2615296
1 2615808
1 2616320
1 2616832
1 2617344
1 2617856
1 2618368
1 2618880
1 2619392
1 2619904
1 2620416
1 2620928
1 2621440
1 2621952
1 2622464
1 2622976
1 2623488
1 2624000
1 2624512
1 2625024
1 2625536
1 2626048
1 2626560
1 2627072
1 2627584
1 2628096
1 2628608
1 2629120
1 2629632
1 2630144
1 2630656
1 2631168
1 2631680
1 2632192
1 2632704
1 2633216
1 2633728
1 2634240
1 2634752
1 2635264
1 2635776
1 2636288
1 2636800
1 2637312
1 2637824
1 2638336
1 2638848
1 2639360
1 2639872
1 2640384
1 2640896
1 2641408
1 2641920
1 2642432
1 2642944
1 2643456
1 2643968
1 2644480
1 2644992
1 2645504
1 2646016
1 2646528
1 2647040
1 2647552
1 2648064
1 2648576
1 2649088
1 2649600
1 2650112
1 2650624
1 2651136
1 2651648
1 2652160
1 2652672
1 2653184
1 2653696
1 2654208
1 2654720
1 2655232
1 2655744
1 2656256
1 2656768
1 2657280
1 2657792
1 2658304
1 2658816
1 2659328
1 2659840
1 2660352
1 2660864
1 2661376
1 2661888
1 2662400
1 2662912
1 2663424
1 2663936
1 2664448
1 2664960
1 2665472
1 2665984
1 2666496
1 2667008
1 2667520
1 2668032
1 2668544
1 2669056
1 2669568
1 2670080
1 2670592
1 2671104
1 2671616
1 2672128
1 2672640
1 2673152
1 2673664
1 2674176
1 2674688
1 2675200
1 2675712
1 2676224
1 2676736
1 2677248
1 2677760
1 2678272
1 2678784
1 2679296
1 2679808
1 2680320
1 2680832
1 2681344
1 2681856
1 2682368
1 2682880
1 2683392
1 2683904
1 2684416
1 2684928
1 2685440
1 2685952
1 2686464
1 2686976
1 2687488
1 2688000
1 2688512
1 2689024
1 2689536
1 2690048
1 2690560
1 2691072
1 2691584
1 2692096
1 2692608
1 2693120
1 2693632
1 2694144
1 2694656
1 2695168
1 2695680
1 2696192
1 2696704
1 2697216
1 2697728
1 2698240
1 2698752
1 2699264
1 2699776
1 2700288
1 2700800
1 2701312
1 2701824
1 2702336
1 2702848
1 2703360
1 2703872
1 2704384
1 2704896
1 2705408
1 2705920
1 2706432
1 2706944
1 2707456
1 2707968
1 2708480
1 2708992
1 2709504
1 2710016
1 2710528
1 2711040
1 2711552
1 2712064
1 2712576
1 2713088
1 2713600
1 2714112
1 2714624
1 2715136
1 2715648
1 2716160
1 2716672
1 2717184
1 2717696
1 2718208
1 2718720
1 2719232
1 2719744
1 2720256
1 2720768
1 2721280
1 2721792
1 2722304
1 2722816
1 2723328
1 2723840
1 2724352
1 2724864
1 2725376
1 2725888
1 2726400
1 2726912
1 2727424
1 2727936
1 2728448
1 2728960
1 2729472
1 2729984
1 2730496
1 2731008
1 2731520
1 2732032
1 2732544
1 2733056
1 2733568
1 2734080
1 2734592
1 2735104
1 2735616
1 2736128
1 2736640
1 2737152
1 2737664
1 2738176
1 2738688
1 2739200
1 2739712
1 2740224
1 2740736
1 2741248
1 2741760
1 2742272
1 2742784
1 2743296
1 2743808
1 2744320
1 2744832
1 2745344
1 2745856
1 2746368
1 2746880
1 2747392
1 2747904
1 2748416
1 2748928
1 2749440
1 2749952
1 2750464
1 2750976
1 2751488
1 2752000
1 2752512
1 2753024
1 2753536
1 2754048
1 2754560
1 2755072
1 2755584
1 2756096
1 2756608
1 2757120
1 2757632
1 2758144
1 2758656
1 2759168
1 2759680
1 2760192
1 2760704
1 2761216
1 2761728
1 2762240
1 2762752
1 2763264
1 2763776
1 2764288
1 2764800
1 2765312
1 2765824
1 2766336
1 2766848
1 2767360
1 2767872
1 2768384
1 2768896
1 2769408
1 2769920
1 2770432
1 2770944
1 2771456
1 2771968
1 2772480
1 2772992
1 2773504
1 2774016
1 2774528
1 2775040
1 2775552
1 2776064
1 2776576
1 2777088
1 2777600
1 2778112
1 2778624
1 2779136
1 2779648
1 2780160
1 2780672
1 2781184
1 2781696
1 2782208
1 2782720
1 2783232
1 2783744
1 2784256
1 2784768
1 2785280
1 2785792
1 2786304
1 2786816
1 2787328
1 2787840
1 2788352
1 2788864
1 2789376
1 2789888
1 2790400
1 2790912
1 2791424
1 2791936
1 2792448
1 2792960
1 2793472
1 2793984
1 2794496
1 2795008
1 2795520
1 2796032
1 2796544
1 2797056
1 2797568
1 2798080
1 2798592
1 2799104
1 2799616
1 2800128
1 2800640
1 2801152
1 2801664
1 2802176
1 2802688
1 2803200
1 2803712
1 2804224
1 2804736
1 2805248
1 2805760
1 2806272
1 2806784
1 2807296
1 2807808
1 2808320
1 2808832
1 2809344
1 2809856
1 2810368
1 2810880
1 2811392
1 2811904
1 2812416
1 2812928
1 2813440
1 2813952
1 2814464
1 2814976
1 2815488
1 2816000
1 2816512
1 2817024
1 2817536
1 2818048
1 2818560
1 2819072
1 2819584
1 2820096
1 2820608
1 2821120
1 2821632
1 2822144
1 2822656
1 2823168
1 2823680
1 2824192
1 2824704
1 2825216
1 2825728
1 2826240
1 2826752
1 2827264
1 2827776
1 2828288
1 2828800
1 2829312
1 2829824
1 2830336
1 2830848
1 2831360
1 2831872
1 2832384
1 2832896
1 2833408
1 2833920
1 2834432
1 2834944
1 2835456
1 2835968
1 2836480
1 2836992
1 2837504
1 2838016
1 2838528
1 2839040
1 2839552
1 2840064
1 2840576
1 2841088
1 2841600
1 2842112
1 2842624
1 2843136
1 2843648
1 2844160
1 2844672
1 2845184
1 2845696
1 2846208
1 2846720
1 2847232
1 2847744
1 2848256
1 2848768
1 2849280
1 2849792
1 2850304
1 2850816
1 2851328
1 2851840
1 2852352
1 2852864
1 2853376
1 2853888
1 2854400
1 2854912
1 2855424
1 2855936
1 2856448
1 2856960
1 2857472
1 2857984
1 2858496
1 2859008
1 2859520
1 2860032
1 2860544
1 2861056
1 2861568
1 2862080
1 2862592
1 2863104
1 2863616
1 2864128
1 2864640
1 2865152
1 2865664
1 2866176
1 2866688
1 2867200
1 2867712
1 2868224
1 2868736
1 2869248
1 2869760
1 2870272
1 2870784
1 2871296
1 2871808
1 2872320
1 2872832
1 2873344
1 2873856
1 2874368
1 2874880
1 2875392
1 2875904
1 2876416
1 2876928
1 2877440
1 2877952
1 2878464
1 2878976
1 2879488
1 2880000
1 2880512
1 2881024
1 2881536
1 2882048
1 2882560
1 2883072
1 2883584
1 2884096
1 2884608
1 2885120
1 2885632
1 2886144
1 2886656
1 2887168
1 2887680
1 2888192
1 2888704
1 2889216
1 2889728
1 2890240
1 2890752
1 2891264
1 2891776
1 2892288
1 2892800
1 2893312
1 2893824
1 2894336
1 2894848
1 2895360
1 2895872
1 2896384
1 2896896
1 2897408
1 2897920
1 2898432
1 2898944
1 2899456
1 2899968
1 2900480
1 2900992
1 2901504
1 2902016
1 2902528
1 2903040
1 2903552
1 2904064
1 2904576
1 2905088
1 2905600
1 2906112
1 2906624
1 2907136
1 2907648
1 2908160
1 2908672
1 2909184
1 2909696
1 2910208
1 2910720
1 2911232
1 2911744
1 2912256
1 2912768
1 2913280
1 2913792
1 2914304
1 2914816
1 2915328
1 2915840
1 2916352
1 2916864
1 2917376
1 2917888
1 2918400
1 2918912
1 2919424
1 2919936
1 2920448
1 2920960
1 2921472
1 2921984
1 2922496
1 2923008
1 2923520
1 2924032
1 2924544
1 2925056
1 2925568
1 2926080
1 2926592
1 2927104
1 2927616
1 2928128
1 2928640
1 2929152
1 2929664
1 2930176
1 2930688
1 2931200
1 2931712
1 2932224
1 2932736
1 2933248
1 2933760
1 2934272
1 2934784
1 2935296
1 2935808
1 2936320
1 2936832
1 2937344
1 2937856
1 2938368
1 2938880
1 2939392
1 2939904
1 2940416
1 2940928
1 2941440
1 2941952
1 2942464
1 2942976
1 2943488
1 2944000
1 2944512
1 2945024
1 2945536
1 2946048
1 2946560
1 2947072
1 2947584
1 2948096
1 2948608
1 2949120
1 2949632
1 2950144
1 2950656
1 2951168
1 2951680
1 2952192
1 2952704
1 2953216
1 2953728
1 2954240
1 2954752
1 2955264
1 2955776
1 2956288
1 2956800
1 2957312
1 2957824
1 2958336
1 2958848
1 2959360
1 2959872
1 2960384
1 2960896
1 2961408
1 2961920
1 2962432
1 2962944
1 2963456
1 2963968
1 2964480
1 2964992
1 2965504
1 2966016
1 2966528
1 2967040
1 2967552
1 2968064
1 2968576
1 2969088
1 2969600
1 2970112
1 2970624
1 2971136
1 2971648
1 2972160
1 2972672
1 2973184
1 2973696
1 2974208
1 2974720
1 2975232
1 2975744
1 2976256
1 2976768
1 2977280
1 2977792
1 2978304
1 2978816
1 2979328
1 2979840
1 2980352
1 2980864
1 2981376
1 2981888
1 2982400
1 2982912
1 2983424
1 2983936
1 2984448
1 2984960
1 2985472
1 2985984
1 2986496
1 2987008
1 2987520
1 2988032
1 2988544
1 2989056
1 2989568
1 2990080
1 2990592
1 2991104
1 2991616
1 2992128
1 2992640
1 2993152
1 2993664
1 2994176
1 2994688
1 2995200
1 2995712
1 2996224
1 2996736
1 2997248
1 2997760
1 2998272
1 2998784
1 2999296
1 2999808
1 3000320
1 3000832
1 3001344
1 3001856
1 3002368
1 3002880
1 3003392
1 3003904
1 3004416
1 3004928
1 3005440
1 3005952
1 3006464
1 3006976
1 3007488
1 3008000
1 3008512
1 3009024
1 3009536
1 3010048
1 3010560
1 3011072
1 3011584
1 3012096
1 3012608
1 3013120
1 3013632
1 3014144
1 3014656
1 3015168
1 3015680
1 3016192
1 3016704
1 3017216
1 3017728
1 3018240
1 3018752
1 3019264
1 3019776
1 3020288
1 3020800
1 3021312
1 3021824
1 3022336
1 3022848
1 3023360
1 3023872
1 3024384
1 3024896
1 3025408
1 3025920
1 3026432
1 3026944
1 3027456
1 3027968
1 3028480
1 3028992
1 3029504
1 3030016
1 3030528
1 3031040
1 3031552
1 3032064
1 3032576
1 3033088
1 3033600
1 3034112
1 3034624
1 3035136
1 3035648
1 3036160
1 3036672
1 3037184
1 3037696
1 3038208
1 3038720
1 3039232
1 3039744
1 3040256
1 3040768
1 3041280
1 3041792
1 3042304
1 3042816
1 3043328
1 3043840
1 3044352
1 3044864
1 3045376
1 3045888
1 3046400
1 3046912
1 3047424
1 3047936
1 3048448
1 3048960
1 3049472
1 3049984
1 3050496
1 3051008
1 3051520
1 3052032
1 3052544
1 3053056
1 3053568
1 3054080
1 3054592
1 3055104
1 3055616
1 3056128
1 3056640
1 3057152
1 3057664
1 3058176
1 3058688
1 3059200
1 3059712
1 3060224
1 3060736
1 3061248
1 3061760
1 3062272
1 3062784
1 3063296
1 3063808
1 3064320
1 3064832
1 3065344
1 3065856
1 3066368
1 3066880
1 3067392
1 3067904
1 3068416
1 3068928
1 3069440
1 3069952
1 3070464
1 3070976
1 3071488
1 3072000
1 3072512
1 3073024
1 3073536
1 3074048
1 3074560
1 3075072
1 3075584
1 3076096
1 3076608
1 3077120
1 3077632
1 3078144
1 3078656
1 3079168
1 3079680
1 3080192
1 3080704
1 3081216
1 3081728
1 3082240
1 3082752
1 3083264
1 3083776
1 3084288
1 3084800
1 3085312
1 3085824
1 3086336
1 3086848
1 3087360
1 3087872
1 3088384
1 3088896
1 3089408
1 3089920
1 3090432
1 3090944
1 3091456
1 3091968
1 3092480
1 3092992
1 3093504
1 3094016
1 3094528
1 3095040
1 3095552
1 3096064
1 3096576
1 3097088
1 3097600
1 3098112
1 3098624
1 3099136
1 3099648
1 3100160
1 3100672
1 3101184
1 3101696
1 3102208
1 3102720
1 3103232
1 3103744
1 3104256
1 3104768
1 3105280
1 3105792
1 3106304
1 3106816
1 3107328
1 3107840
1 3108352
1 3108864
1 3109376
1 3109888
1 3110400
1 3110912
1 3111424
1 3111936
1 3112448
1 3112960
1 3113472
1 3113984
1 3114496
1 3115008
1 3115520
1 3116032
1 3116544
1 3117056
1 3117568
1 3118080
1 3118592
1 3119104
1 3119616
1 3120128
1 3120640
1 3121152
1 3121664
1 3122176
1 3122688
1 3123200
1 3123712
1 3124224
1 3124736
1 3125248
1 3125760
1 3126272
1 3126784
1 3127296
1 3127808
1 3128320
1 3128832
1 3129344
1 3129856
1 3130368
1 3130880
1 3131392
1 3131904
1 3132416
1 3132928
1 3133440
1 3133952
1 3134464
1 3134976
1 3135488
1 3136000
1 3136512
1 3137024
1 3137536
1 3138048
1 3138560
1 3139072
1 3139584
1 3140096
1 3140608
1 3141120
1 3141632
1 3142144
1 3142656
1 3143168
1 3143680
1 3144192
1 3144704
1 3145216
1 3145728
1 3146240
1 3146752
1 3147264
1 3147776
1 3148288
1 3148800
1 3149312
1 3149824
1 3150336
1 3150848
1 3151360
1 3151872
1 3152384
1 3152896
1 3153408
1 3153920
1 3154432
1 3154944
1 3155456
1 3155968
1 3156480
1 3156992
1 3157504
1 3158016
1 3158528
1 3159040
1 3159552
1 3160064
1 3160576
1 3161088
1 3161600
1 3162112
1 3162624
1 3163136
1 3163648
1 3164160
1 3164672
1 3165184
1 3165696
1 3166208
1 3166720
1 3167232
1 3167744
1 3168256
1 3168768
1 3169280
1 3169792
1 3170304
1 3170816
1 3171328
1 3171840
1 3172352
1 3172864
1 3173376
1 3173888
1 3174400
1 3174912
1 3175424
1 3175936
1 3176448
1 3176960
1 3177472
1 3177984
1 3178496
1 3179008
1 3179520
1 3180032
1 3180544
1 3181056
1 3181568
1 3182080
1 3182592
1 3183104
1 3183616
1 3184128
1 3184640
1 3185152
1 3185664
1 3186176
1 3186688
1 3187200
1 3187712
1 3188224
1 3188736
1 3189248
1 3189760
1 3190272
1 3190784
1 3191296
1 3191808
1 3192320
1 3192832
1 3193344
1 3193856
1 3194368
1 3194880
1 3195392
1 3195904
1 3196416
1 3196928
1 3197440
1 3197952
1 3198464
1 3198976
1 3199488
1 3200000
1 3200512
1 3201024
1 3201536
1 3202048
1 3202560
1 3203072
1 3203584
1 3204096
1 3204608
1 3205120
1 3205632
1 3206144
1 3206656
1 3207168
1 3207680
1 3208192
1 3208704
1 3209216
1 3209728
1 3210240
1 3210752
1 3211264
1 3211776
1 3212288
1 3212800
1 3213312
1 3213824
1 3214336
1 3214848
1 3215360
1 3215872
1 3216384
1 3216896
1 3217408
1 3217920
1 3218432
1 3218944
1 3219456
1 3219968
1 3220480
1 3220992
1 3221504
1 3222016
1 3222528
1 3223040
1 3223552
1 3224064
1 3224576
1 3225088
1 3225600
1 3226112
1 3226624
1 3227136
1 3227648
1 3228160
1 3228672
1 3229184
1 3229696
1 3230208
1 3230720
1 3231232
1 3231744
1 3232256
1 3232768
1 3233280
1 3233792
1 3234304
1 3234816
1 3235328
1 3235840
1 3236352
1 3236864
1 3237376
1 3237888
1 3238400
1 3238912
1 3239424
1 3239936
1 3240448
1 3240960
1 3241472
1 3241984
1 3242496
1 3243008
1 3243520
1 3244032
1 3244544
1 3245056
1 3245568
1 3246080
1 3246592
1 3247104
1 3247616
1 3248128
1 3248640
1 3249152
1 3249664
1 3250176
1 3250688
1 3251200
1 3251712
1 3252224
1 3252736
1 3253248
1 3253760
1 3254272
1 3254784
1 3255296
1 3255808
1 3256320
1 3256832
1 3257344
1 3257856
1 3258368
1 3258880
1 3259392
1 3259904
1 3260416
1 3260928
1 3261440
1 3261952
1 3262464
1 3262976
1 3263488
1 3264000
1 3264512
1 3265024
1 3265536
1 3266048
1 3266560
1 3267072
1 3267584
1 3268096
1 3268608
1 3269120
1 3269632
1 3270144
1 3270656
1 3271168
1 3271680
1 3272192
1 3272704
1 3273216
1 3273728
1 3274240
1 3274752
1 3275264
1 3275776
1 3276288
1 3276800
1 3277312
1 3277824
1 3278336
1 3278848
1 3279360
1 3279872
1 3280384
1 3280896
1 3281408
1 3281920
1 3282432
1 3282944
1 3283456
1 3283968
1 3284480
1 3284992
1 3285504
1 3286016
1 3286528
1 3287040
1 3287552
1 3288064
1 3288576
1 3289088
1 3289600
1 3290112
1 3290624
1 3291136
1 3291648
1 3292160
1 3292672
1 3293184
1 3293696
1 3294208
1 3294720
1 3295232
1 3295744
1 3296256
1 3296768
1 3297280
1 3297792
1 3298304
1 3298816
1 3299328
1 3299840
1 3300352
1 3300864
1 3301376
1 3301888
1 3302400
1 3302912
1 3303424
1 3303936
1 3304448
1 3304960
1 3305472
1 3305984
1 3306496
1 3307008
1 3307520
1 3308032
1 3308544
1 3309056
1 3309568
1 3310080
1 3310592
1 3311104
1 3311616
1 3312128
1 3312640
1 3313152
1 3313664
1 3314176
1 3314688
1 3315200
1 3315712
1 3316224
1 3316736
1 3317248
1 3317760
1 3318272
1 3318784
1 3319296
1 3319808
1 3320320
1 3320832
1 3321344
1 3321856
1 3322368
1 3322880
1 3323392
1 3323904
1 3324416
1 3324928
1 3325440
1 3325952
1 3326464
1 3326976
1 3327488
1 3328000
1 3328512
1 3329024
1 3329536
1 3330048
1 3330560
1 3331072
1 3331584
1 3332096
1 3332608
1 3333120
1 3333632
1 3334144
1 3334656
1 3335168
1 3335680
1 3336192
1 3336704
1 3337216
1 3337728
1 3338240
1 3338752
1 3339264
1 3339776
1 3340288
1 3340800
1 3341312
1 3341824
1 3342336
1 3342848
1 3343360
1 3343872
1 3344384
1 3344896
1 3345408
1 3345920
1 3346432
1 3346944
1 3347456
1 3347968
1 3348480
1 3348992
1 3349504
1 3350016
1 3350528
1 3351040
1 3351552
1 3352064
1 3352576
1 3353088
1 3353600
1 3354112
1 3354624
1 3355136
1 3355648
1 3356160
1 3356672
1 3357184
1 3357696
1 3358208
1 3358720
1 3359232
1 3359744
1 3360256
1 3360768
1 3361280
1 3361792
1 3362304
1 3362816
1 3363328
1 3363840
1 3364352
1 3364864
1 3365376
1 3365888
1 3366400
1 3366912
1 3367424
1 3367936
1 3368448
1 3368960
1 3369472
1 3369984
1 3370496
1 3371008
1 3371520
1 3372032
1 3372544
1 3373056
1 3373568
1 3374080
1 3374592
1 3375104
1 3375616
1 3376128
1 3376640
1 3377152
1 3377664
1 3378176
1 3378688
1 3379200
1 3379712
1 3380224
1 3380736
1 3381248
1 3381760
1 3382272
1 3382784
1 3383296
1 3383808
1 3384320
1 3384832
1 3385344
1 3385856
1 3386368
1 3386880
1 3387392
1 3387904
1 3388416
1 3388928
1 3389440
1 3389952
1 3390464
1 3390976
1 3391488
1 3392000
1 3392512
1 3393024
1 3393536
1 3394048
1 3394560
1 3395072
1 3395584
1 3396096
1 3396608
1 3397120
1 3397632
1 3398144
1 3398656
1 3399168
1 3399680
1 3400192
1 3400704
1 3401216
1 3401728
1 3402240
1 3402752
1 3403264
1 3403776
1 3404288
1 3404800
1 3405312
1 3405824
1 3406336
1 3406848
1 3407360
1 3407872
1 3408384
1 3408896
1 3409408
1 3409920
1 3410432
1 3410944
1 3411456
1 3411968
1 3412480
1 3412992
1 3413504
1 3414016
1 3414528
1 3415040
1 3415552
1 3416064
1 3416576
1 3417088
1 3417600
1 3418112
1 3418624
1 3419136
1 3419648
1 3420160
1 3420672
1 3421184
1 3421696
1 3422208
1 3422720
1 3423232
1 3423744
1 3424256
1 3424768
1 3425280
1 3425792
1 3426304
1 3426816
1 3427328
1 3427840
1 3428352
1 3428864
1 3429376
1 3429888
1 3430400
1 3430912
1 3431424
1 3431936
1 3432448
1 3432960
1 3433472
1 3433984
1 3434496
1 3435008
1 3435520
1 3436032
1 3436544
1 3437056
1 3437568
1 3438080
1 3438592
1 3439104
1 3439616
1 3440128
1 3440640
1 3441152
1 3441664
1 3442176
1 3442688
1 3443200
1 3443712
1 3444224
1 3444736
1 3445248
1 3445760
1 3446272
1 3446784
1 3447296
1 3447808
1 3448320
1 3448832
1 3449344
1 3449856
1 3450368
1 3450880
1 3451392
1 3451904
1 3452416
1 3452928
1 3453440
1 3453952
1 3454464
1 3454976
1 3455488
1 3456000
1 3456512
1 3457024
1 3457536
1 3458048
1 3458560
1 3459072
1 3459584
1 3460096
1 3460608
1 3461120
1 3461632
1 3462144
1 3462656
1 3463168
1 3463680
1 3464192
1 3464704
1 3465216
1 3465728
1 3466240
1 3466752
1 3467264
1 3467776
1 3468288
1 3468800
1 3469312
1 3469824
1 3470336
1 3470848
1 3471360
1 3471872
1 3472384
1 3472896
1 3473408
1 3473920
1 3474432
1 3474944
1 3475456
1 3475968
1 3476480
1 3476992
1 3477504
1 3478016
1 3478528
1 3479040
1 3479552
1 3480064
1 3480576
1 3481088
1 3481600
1 3482112
1 3482624
1 3483136
1 3483648
1 3484160
1 3484672
1 3485184
1 3485696
1 3486208
1 3486720
1 3487232
1 3487744
1 3488256
1 3488768
1 3489280
1 3489792
1 3490304
1 3490816
1 3491328
1 3491840
1 3492352
1 3492864
1 3493376
1 3493888
1 3494400
1 3494912
1 3495424
1 3495936
1 3496448
1 3496960
1 3497472
1 3497984
1 3498496
1 3499008
1 3499520
1 3500032
1 3500544
1 3501056
1 3501568
1 3502080
1 3502592
1 3503104
1 3503616
1 3504128
1 3504640
1 3505152
1 3505664
1 3506176
1 3506688
1 3507200
1 3507712
1 3508224
1 3508736
1 3509248
1 3509760
1 3510272
1 3510784
1 3511296
1 3511808
1 3512320
1 3512832
1 3513344
1 3513856
1 3514368
1 3514880
1 3515392
1 3515904
1 3516416
1 3516928
1 3517440
1 3517952
1 3518464
1 3518976
1 3519488
1 3520000
1 3520512
1 3521024
1 3521536
1 3522048
1 3522560
1 3523072
1 3523584
1 3524096
1 3524608
1 3525120
1 3525632
1 3526144
1 3526656
1 3527168
1 3527680
1 3528192
1 3528704
1 3529216
1 3529728
1 3530240
1 3530752
1 3531264
1 3531776
1 3532288
1 3532800
1 3533312
1 3533824
1 3534336
1 3534848
1 3535360
1 3535872
1 3536384
1 3536896
1 3537408
1 3537920
1 3538432
0 4294443008
1 4293918720
1 4293926912
1 4293935104
1 4293943296
1 4294180864
0 2359296
0 2367488
0 2375680
0 2383872
0 2392064
0 2400256
0 2408448
0 2416640
0 0
0 8192
0 16384
0 24576
0 32768
0 40960
0 49152
0 57344
0 1179648
0 1187840
0 1196032
0 1204224
0 1212416
0 1220608
0 1228800
0 1236992
1 3538944
1 3547136
1 3555328
1 3563520
1 3571712
1 3579904
1 3588096
1 3596288
1 4294180864
0 2424832
0 2433024
0 2441216
0 2449408
0 2457600
0 2465792
0 2473984
0 2482176
0 65536
0 73728
0 81920
0 90112
0 98304
0 106496
0 114688
0 122880
0 1245184
0 1253376
0 1261568
0 1269760
0 1277952
0 1286144
0 1294336
0 1302528
1 3604480
1 3612672
1 3620864
1 3629056
1 3637248
1 3645440
1 3653632
1 3661824
1 4294180864
0 2490368
0 2498560
0 2506752
0 2514944
0 2523136
0 2531328
0 2539520
0 2547712
0 131072
0 139264
0 147456
0 155648
0 163840
0 172032
0 180224
0 188416
0 1310720
0 1318912
0 1327104
0 1335296
0 1343488
0 1351680
0 1359872
0 1368064
1 3670016
1 3678208
1 3686400
1 3694592
1 3702784
1 3710976
1 3719168
1 3727360
1 4294180864
0 2555904
0 2564096
0 2572288
0 2580480
0 2588672
0 2596864
0 2605056
0 2613248
0 196608
0 204800
0 212992
0 221184
0 229376
0 237568
0 245760
0 253952
0 1376256
0 1384448
0 1392640
0 1400832
0 1409024
0 1417216
0 1425408
0 1433600
1 3735552
1 3743744
1 3751936
1 3760128
1 3768320
1 3776512
1 3784704
1 3792896
1 4294180864
0 2621440
0 2629632
0 2637824
0 2646016
0 2654208
0 2662400
0 2670592
0 2678784
0 262144
0 270336
0 278528
0 286720
0 294912
0 303104
0 311296
0 319488
0 1441792
0 1449984
0 1458176
0 1466368
0 1474560
0 1482752
0 1490944
0 1499136
1 3801088
1 3809280
1 3817472
1 3825664
1 3833856
1 3842048
1 3850240
1 3858432
1 4294180864
0 2686976
0 2695168
0 2703360
0 2711552
0 2719744
0 2727936
0 2736128
0 2744320
0 327680
0 335872
0 344064
0 352256
0 360448
0 368640
0 376832
0 385024
0 1507328
0 1515520
0 1523712
0 1531904
0 1540096
0 1548288
0 1556480
0 1564672
1 3866624
1 3874816
1 3883008
1 3891200
1 3899392
1 3907584
1 3915776
1 3923968
1 4294180864
0 2752512
0 2760704
0 2768896
0 2777088
0 2785280
0 2793472
0 2801664
0 2809856
0 393216
0 401408
0 409600
0 417792
0 425984
0 434176
0 442368
0 450560
0 1572864
0 1581056
0 1589248
0 1597440
0 1605632
0 1613824
0 1622016
0 1630208
1 3932160
1 3940352
1 3948544
1 3956736
1 3964928
1 3973120
1 3981312
1 3989504
1 4294180864
0 2818048
0 2826240
0 2834432
0 2842624
0 2850816
0 2859008
0 2867200
0 2875392
0 458752
0 466944
0 475136
0 483328
0 491520
0 499712
0 507904
0 516096
0 1638400
0 1646592
0 1654784
0 1662976
0 1671168
0 1679360
0 1687552
0 1695744
1 3997696
1 4005888
1 4014080
1 4022272
1 4030464
1 4038656
1 4046848
1 4055040
1 4294180864
0 2883584
0 2891776
0 2899968
0 2908160
0 2916352
0 2924544
0 2932736
0 2940928
0 524288
0 532480
0 540672
0 548864
0 557056
0 565248
0 573440
0 581632
0 1703936
0 1712128
0 1720320
0 1728512
0 1736704
0 1744896
0 1753088
0 1761280
1 4063232
1 4071424
1 4079616
1 4087808
1 4096000
1 4104192
1 4112384
1 4120576
1 4294180864
0 2949120
0 2957312
0 2965504
0 2973696
0 2981888
0 2990080
0 2998272
0 3006464
0 589824
0 598016
0 606208
0 614400
0 622592
0 630784
0 638976
0 647168
0 1769472
0 1777664
0 1785856
0 1794048
0 1802240
0 1810432
0 1818624
0 1826816
1 4128768
1 4136960
1 4145152
1 4153344
1 4161536
1 4169728
1 4177920
1 4186112
1 4294180864
0 3014656
0 3022848
0 3031040
0 3039232
0 3047424
0 3055616
0 3063808
0 3072000
0 655360
0 663552
0 671744
0 679936
0 688128
0 696320
0 704512
0 712704
0 1835008
0 1843200
0 1851392
0 1859584
0 1867776
0 1875968
0 1884160
0 1892352
1 4194304
1 4202496
1 4210688
1 4218880
1 4227072
1 4235264
1 4243456
1 4251648
1 4294180864
0 3080192
0 3088384
0 3096576
0 3104768
0 3112960
0 3121152
0 3129344
0 3137536
0 720896
0 729088
0 737280
0 745472
0 753664
0 761856
0 770048
0 778240
0 1900544
0 1908736
0 1916928
0 1925120
0 1933312
0 1941504
0 1949696
0 1957888
1 4259840
1 4268032
1 4276224
1 4284416
1 4292608
1 4300800
1 4308992
1 4317184
1 4294180864
0 3145728
0 3153920
0 3162112
0 3170304
0 3178496
0 3186688
0 3194880
0 3203072
0 786432
0 794624
0 802816
0 811008
0 819200
0 827392
0 835584
0 843776
0 1966080
0 1974272
0 1982464
0 1990656
0 1998848
0 2007040
0 2015232
0 2023424
1 4325376
1 4333568
1 4341760
1 4349952
1 4358144
1 4366336
1 4374528
1 4382720
1 4294180864
0 3211264
0 3219456
0 3227648
0 3235840
0 3244032
0 3252224
0 3260416
0 3268608
0 851968
0 860160
0 868352
0 876544
0 884736
0 892928
0 901120
0 909312
0 2031616
0 2039808
0 2048000
0 2056192
0 2064384
0 2072576
0 2080768
0 2088960
1 4390912
1 4399104
1 4407296
1 4415488
1 4423680
1 4431872
1 4440064
1 4448256
1 4294180864
0 3276800
0 3284992
0 3293184
0 3301376
0 3309568
0 3317760
0 3325952
0 3334144
0 917504
0 925696
0 933888
0 942080
0 950272
0 958464
0 966656
0 974848
0 2097152
0 2105344
0 2113536
0 2121728
0 2129920
0 2138112
0 2146304
0 2154496
1 4456448
1 4464640
1 4472832
1 4481024
1 4489216
1 4497408
1 4505600
1 4513792
1 4294180864
0 3342336
0 3350528
0 3358720
0 3366912
0 3375104
0 3383296
0 3391488
0 3399680
0 983040
0 991232
0 999424
0 1007616
0 1015808
0 1024000
0 1032192
0 1040384
0 2162688
0 2170880
0 2179072
0 2187264
0 2195456
0 2203648
0 2211840
0 2220032
1 4521984
1 4530176
1 4538368
1 4546560
1 4554752
1 4562944
1 4571136
1 4579328
1 4294180864
0 3407872
0 3416064
0 3424256
0 3432448
0 3440640
0 3448832
0 3457024
0 3465216
0 1048576
0 1056768
0 1064960
0 1073152
0 1081344
0 1089536
0 1097728
0 1105920
0 2228224
0 2236416
0 2244608
0 2252800
0 2260992
0 2269184
0 2277376
0 2285568
1 4587520
1 4595712
1 4603904
1 4612096
1 4620288
1 4628480
1 4636672
1 4644864
1 4294180864
0 3473408
0 3481600
0 3489792
0 3497984
0 3506176
0 3514368
0 3522560
0 3530752
0 1114112
0 1122304
0 1130496
0 1138688
0 1146880
0 1155072
0 1163264
0 1171456
0 2293760
0 2301952
0 2310144
0 2318336
0 2326528
0 2334720
0 2342912
0 2351104
1 4653056
1 4661248
1 4669440
1 4677632
1 4685824
1 4694016
1 4702208
1 4710400
1 4294180864
0 2359808
0 2368000
0 2376192
0 2384384
0 2392576
0 2400768
0 2408960
0 2417152
0 512
0 8704
0 16896
0 25088
0 33280
0 41472
0 49664
0 57856
0 1180160
0 1188352
0 1196544
0 1204736
0 1212928
0 1221120
0 1229312
0 1237504
1 3539456
1 3547648
1 3555840
1 3564032
1 3572224
1 3580416
1 3588608
1 3596800
1 4294180864
0 2425344
0 2433536
0 2441728
0 2449920
0 2458112
0 2466304
0 2474496
0 2482688
0 66048
0 74240
0 82432
0 90624
0 98816
0 107008
0 115200
0 123392
0 1245696
0 1253888
0 1262080
0 1270272
0 1278464
0 1286656
0 1294848
0 1303040
1 3604992
1 3613184
1 3621376
1 3629568
1 3637760
1 3645952
1 3654144
1 3662336
1 4294180864
0 2490880
0 2499072
0 2507264
0 2515456
0 2523648
0 2531840
0 2540032
0 2548224
0 131584
0 139776
0 147968
0 156160
0 164352
0 172544
0 180736
0 188928
0 1311232
0 1319424
0 1327616
0 1335808
0 1344000
0 1352192
0 1360384
0 1368576
1 3670528
1 3678720
1 3686912
1 3695104
1 3703296
1 3711488
1 3719680
1 3727872
1 4294180864
0 2556416
0 2564608
0 2572800
0 2580992
0 2589184
0 2597376
0 2605568
0 2613760
0 197120
0 205312
0 213504
0 221696
0 229888
0 238080
0 246272
0 254464
0 1376768
0 1384960
0 1393152
0 1401344
0 1409536
0 1417728
0 1425920
0 1434112
1 3736064
1 3744256
1 3752448
1 3760640
1 3768832
1 3777024
1 3785216
1 3793408
1 4294180864
0 2621952
0 2630144
0 2638336
0 2646528
0 2654720
0 2662912
0 2671104
0 2679296
0 262656
0 270848
0 279040
0 287232
0 295424
0 303616
0 311808
0 320000
0 1442304
0 1450496
0 1458688
0 1466880
0 1475072
0 1483264
0 1491456
0 1499648
1 3801600
1 3809792
1 3817984
1 3826176
1 3834368
1 3842560
1 3850752
1 3858944
1 4294180864
0 2687488
0 2695680
0 2703872
0 2712064
0 2720256
0 2728448
0 2736640
0 2744832
0 328192
0 336384
0 344576
0 352768
0 360960
0 369152
0 377344
0 385536
0 1507840
0 1516032
0 1524224
0 1532416
0 1540608
0 1548800
0 1556992
0 1565184
1 3867136
1 3875328
1 3883520
1 3891712
1 3899904
1 3908096
1 3916288
1 3924480
1 4294180864
0 2753024
0 2761216
0 2769408
0 2777600
0 2785792
0 2793984
0 2802176
0 2810368
0 393728
0 401920
0 410112
0 418304
0 426496
0 434688
0 442880
0 451072
0 1573376
0 1581568
0 1589760
0 1597952
0 1606144
0 1614336
0 1622528
0 1630720
1 3932672
1 3940864
1 3949056
1 3957248
1 3965440
1 3973632
1 3981824
1 3990016
1 4294180864
0 2818560
0 2826752
0 2834944
0 2843136
0 2851328
0 2859520
0 2867712
0 2875904
0 459264
0 467456
0 475648
0 483840
0 492032
0 500224
0 508416
0 516608
0 1638912
0 1647104
0 1655296
0 1663488
0 1671680
0 1679872
0 1688064
0 1696256
1 3998208
1 4006400
1 4014592
1 4022784
1 4030976
1 4039168
1 4047360
1 4055552
1 4294180864
0 2884096
0 2892288
0 2900480
0 2908672
0 2916864
0 2925056
0 2933248
0 2941440
0 524800
0 532992
0 541184
0 549376
0 557568
0 565760
0 573952
0 582144
0 1704448
0 1712640
0 1720832
0 1729024
0 1737216
0 1745408
0 1753600
0 1761792
1 4063744
1 4071936
1 4080128
1 4088320
1 4096512
1 4104704
1 4112896
1 4121088
1 4294180864
0 2949632
0 2957824
0 2966016
0 2974208
0 2982400
0 2990592
0 2998784
0 3006976
0 590336
0 598528
0 606720
0 614912
0 623104
0 631296
0 639488
0 647680
0 1769984
0 1778176
0 1786368
0 1794560
0 1802752
0 1810944
0 1819136
0 1827328
1 4129280
1 4137472
1 4145664
1 4153856
1 4162048
1 4170240
1 4178432
1 4186624
1 4294180864
0 3015168
0 3023360
0 3031552
0 3039744
0 3047936
0 3056128
0 3064320
0 3072512
0 655872
0 664064
0 672256
0 680448
0 688640
0 696832
0 705024
0 713216
0 1835520
0 1843712
0 1851904
0 1860096
0 1868288
0 1876480
0 1884672
0 1892864
1 4194816
1 4203008
1 4211200
1 4219392
1 4227584
1 4235776
1 4243968
1 4252160
1 4294180864
0 3080704
0 3088896
0 3097088
0 3105280
0 3113472
0 3121664
0 3129856
0 3138048
0 721408
0 729600
0 737792
0 745984
0 754176
0 762368
0 770560
0 778752
0 1901056
0 1909248
0 1917440
0 1925632
0 1933824
0 1942016
0 1950208
0 1958400
1 4260352
1 4268544
1 4276736
1 4284928
1 4293120
1 4301312
1 4309504
1 4317696
1 4294180864
0 3146240
0 3154432
0 3162624
0 3170816
0 3179008
0 3187200
0 3195392
0 3203584
0 786944
0 795136
0 803328
0 811520
0 819712
0 827904
0 836096
0 844288
0 1966592
0 1974784
0 1982976
0 1991168
0 1999360
0 2007552
0 2015744
0 2023936
1 4325888
1 4334080
1 4342272
1 4350464
1 4358656
1 4366848
1 4375040
1 4383232
1 4294180864
0 3211776
0 3219968
0 3228160
0 3236352
0 3244544
0 3252736
0 3260928
0 3269120
0 852480
0 860672
0 868864
0 877056
0 885248
0 893440
0 901632
0 909824
0 2032128
0 2040320
0 2048512
0 2056704
0 2064896
0 2073088
0 2081280
0 2089472
1 4391424
1 4399616
1 4407808
1 4416000
1 4424192
1 4432384
1 4440576
1 4448768
1 4294180864
0 3277312
0 3285504
0 3293696
0 3301888
0 3310080
0 3318272
0 3326464
0 3334656
0 918016
0 926208
0 934400
0 942592
0 950784
0 958976
0 967168
0 975360
0 2097664
0 2105856
0 2114048
0 2122240
0 2130432
0 2138624
0 2146816
0 2155008
1 4456960
1 4465152
1 4473344
1 4481536
1 4489728
1 4497920
1 4506112
1 4514304
1 4294180864
0 3342848
0 3351040
0 3359232
0 3367424
0 3375616
0 3383808
0 3392000
0 3400192
0 983552
0 991744
0 999936
0 1008128
0 1016320
0 1024512
0 1032704
0 1040896
0 2163200
0 2171392
0 2179584
0 2187776
0 2195968
0 2204160
0 2212352
0 2220544
1 4522496
1 4530688
1 4538880
1 4547072
1 4555264
1 4563456
1 4571648
1 4579840
1 4294180864
0 3408384
0 3416576
0 3424768
0 3432960
0 3441152
0 3449344
0 3457536
0 3465728
0 1049088
0 1057280
0 1065472
0 1073664
0 1081856
0 1090048
0 1098240
0 1106432
0 2228736
0 2236928
0 2245120
0 2253312
0 2261504
0 2269696
0 2277888
0 2286080
1 4588032
1 4596224
1 4604416
1 4612608
1 4620800
1 4628992
1 4637184
1 4645376
1 4294180864
0 3473920
0 3482112
0 3490304
0 3498496
0 3506688
0 3514880
0 3523072
0 3531264
0 1114624
0 1122816
0 1131008
0 1139200
0 1147392
0 1155584
0 1163776
0 1171968
0 2294272
0 2302464
0 2310656
0 2318848
0 2327040
0 2335232
0 2343424
0 2351616
1 4653568
1 4661760
1 4669952
1 4678144
1 4686336
1 4694528
1 4702720
1 4710912
0 4294705152
