[6. 6. 6. 6. 7. 4. 7. 6. 7. 6. 6. 5. 6. 6. 6. 5. 6. 5. 6. 7. 5. 6. 6. 6.
 6. 6. 6. 6. 6. 6. 6. 6. 6. 6. 6. 6. 6. 6. 7. 6. 6. 6. 6. 7. 6. 6. 6. 7.
 7. 6. 6. 6. 7. 6. 6. 6. 6. 6. 7. 6. 4. 6. 6. 6. 6. 6. 6. 6. 7. 6. 4. 5.
 7. 7. 6. 5. 6. 6. 6. 6. 6. 6. 6. 6. 6. 6. 7. 6. 6. 6. 7. 6. 6. 6. 6. 6.
 6. 6. 6. 7. 6. 6. 6. 6. 6. 7. 6. 5. 6. 6. 5. 7. 6. 6. 6. 5. 6. 3. 6. 6.
 6. 6. 6. 6. 5. 6. 7. 6.]
[1. 5. 1. 3. 1. 4. 5. 1. 5. 1. 5. 4. 2. 2. 5. 5. 4. 4. 4. 4. 4. 5. 1. 1.
 5. 5. 4. 3. 1. 3. 3. 1. 2. 1. 4. 1. 4. 3. 5. 4. 6. 1. 1. 5. 5. 1. 3. 3.
 5. 1. 5. 2. 1. 4. 4. 5. 2. 1. 4. 4. 4. 4. 5. 4. 5. 5. 4. 1. 5. 4. 5. 5.
 1. 5. 1. 5. 1. 1. 1. 1. 1. 5. 1. 1. 5. 1. 1. 5. 4. 1. 5. 4. 5. 4. 5. 4.
 1. 5. 1. 1. 1. 2. 4. 4. 5. 5. 2. 1. 1. 1. 1. 5. 1. 1. 4. 1. 1. 4. 4. 1.
 5. 1. 1. 1. 1. 5. 4. 1.]
[6. 5. 4. 1. 4. 1. 5. 1. 4. 5. 4. 4. 4. 1. 5. 5. 5. 5. 1. 1. 1. 5. 1. 5.
 1. 1. 4. 5. 4. 4. 3. 4. 1. 4. 1. 3. 5. 1. 3. 1. 4. 5. 1. 5. 6. 1. 1. 1.
 1. 5. 4. 1. 5. 1. 5. 4. 5. 1. 6. 5. 5. 3. 1. 1. 3. 1. 4. 1. 5. 5. 1. 5.
 1. 5. 4. 5. 1. 2. 5. 1. 1. 1. 1. 1. 1. 5. 1. 4. 3. 3. 2. 3. 5. 1. 5. 5.
 1. 5. 1. 1. 4. 1. 1. 1. 1. 5. 1. 4. 1. 5. 5. 1. 5. 4. 3. 1. 5. 1. 5. 5.
 6. 1. 1. 5. 5. 3. 1. 1. 5. 1. 3. 2. 1. 1. 1. 5. 1. 4. 1. 5. 1. 5. 2. 6.
 1. 4. 4. 5. 1. 4. 1. 1. 4. 5. 1. 6. 5. 3. 1. 1. 1. 5. 4. 1. 1. 5. 1. 1.
 6. 4. 1. 4. 3. 1. 5. 5. 5. 3. 5. 3. 4. 5. 5. 5. 4. 1. 1. 5. 1. 4. 1. 5.
 1. 5. 1. 5. 5. 1. 5. 1. 1. 5. 1. 1. 1. 1. 5. 5. 3. 3. 5. 5. 5. 1. 5. 3.
 3. 5. 1. 1. 1. 1. 4. 1. 5. 1. 1. 5. 5. 5. 5. 5. 5. 1. 3. 5. 1. 4. 1. 1.
 5. 1. 1. 3. 1. 4. 1. 1. 1. 4. 1. 4. 1. 5. 5. 4.]
[2. 1. 3. 1. 1. 3. 2. 3. 4. 1. 2. 4. 3. 3. 4. 1. 3. 4. 4. 1. 1. 3. 1. 1.
 3. 1. 1. 3. 1. 1. 1. 3. 1. 1. 1. 3. 4. 1. 1. 1. 3. 1. 1. 3. 1. 4. 1. 3.
 3. 1. 4. 3. 1. 4. 3. 2. 1. 2. 1. 3. 3. 4. 2. 3. 3. 1. 1. 3. 3. 1. 1. 1.
 3. 1. 4. 1. 2. 1. 1. 1. 3. 4. 2. 4. 3. 3. 1. 4. 1. 3. 1. 1. 1. 1. 3. 1.
 1. 4. 2. 3. 3. 1. 1. 1. 3. 1. 3. 1. 3. 1. 3. 1. 3. 2. 3. 1. 3. 1. 1. 3.
 1. 1. 1. 3. 1. 3. 1. 1. 3. 3. 1. 3. 1. 3. 1. 1. 1. 1. 4. 3. 4. 3. 1. 1.
 3. 2. 1. 1. 1. 1. 1. 1. 3. 1. 1. 4. 1. 3. 1. 2. 3. 3. 1. 2. 2. 1. 2. 3.
 3. 1. 1. 4. 4. 1. 3. 3. 3. 2. 1. 1. 1. 2. 1. 1. 3. 3. 1. 1. 1. 3. 1. 4.
 1. 2. 1. 4. 1. 1. 1. 1. 2. 2. 2. 4. 1. 3. 2. 1. 1. 3. 1. 2. 1. 2. 2. 2.
 1. 3. 3. 3. 4. 1. 1. 1. 3. 1. 1. 1. 2. 3. 1. 1. 1. 1. 3. 2. 3. 1. 4. 1.
 3. 1. 3. 1. 1. 1. 1. 1. 4. 1. 1. 4. 3. 1. 3. 2.]
[1. 1. 1. 3. 3. 2. 3. 1. 1. 1. 3. 1. 3. 1. 1. 3. 4. 1. 1. 1. 1. 3. 1. 3.
 3. 2. 3. 1. 3. 1. 3. 1. 3. 3. 1. 1. 1. 1. 1. 4. 2. 4. 1. 1. 2. 1. 4. 2.
 4. 1. 1. 1. 3. 3. 1. 1. 1. 1. 3. 3. 1. 1. 2. 3. 1. 2. 1. 3. 1. 2. 3. 3.
 4. 3. 3. 1. 3. 4. 1. 1. 1. 3. 3. 1. 1. 3. 3. 4. 3. 3. 3. 1. 1. 2. 3. 1.
 1. 1. 2. 1. 3. 2. 3. 1. 4. 4. 2. 3. 3. 1. 2. 3. 2. 3. 2. 2. 1. 1. 1. 4.
 2. 1. 3. 1. 1. 3. 1. 3. 1. 1. 3. 1. 1. 2. 3. 3. 1. 1. 4. 1. 4. 1. 4. 3.
 1. 3. 3. 3. 1. 3. 1. 1. 3. 1. 4. 3. 1. 1. 1. 1. 3. 1. 4. 3. 1. 1. 1. 1.
 3. 3. 3. 1. 3. 1. 3. 4. 2. 1. 1. 3. 4. 1. 1. 2. 3. 3. 1. 1. 3. 3. 3. 3.
 2. 3. 1. 1. 1. 2. 1. 1. 2. 1. 2. 1. 1. 1. 4. 2. 1. 1. 3. 1. 3. 1. 2. 1.
 1. 1. 2. 3. 1. 1. 2. 1. 3. 3. 4. 1. 1. 1. 3. 1. 1. 1. 3. 1. 1. 1. 1. 3.
 3. 4. 3. 1. 1. 3. 4. 1. 3. 1. 1. 1. 1. 1. 1. 1. 3. 4. 1. 4. 1. 1. 3. 1.
 4. 1. 4. 2. 4. 1. 1. 2. 1. 3. 3. 2. 1. 1. 3. 4. 4. 1. 1. 1. 1. 1. 3. 4.
 2. 4. 3. 2. 1. 2. 1. 1. 1. 2. 1. 1. 1. 1. 1. 3. 4. 4. 4. 1. 3. 3. 1. 3.
 3. 2. 2. 2. 4. 1. 1. 1. 2. 1. 4. 2. 3. 2. 1. 1. 2. 2. 4. 3. 1. 4. 1. 1.
 3. 1. 1. 1. 1. 3. 1. 3. 3. 1. 1. 3. 1. 3. 1. 4. 1. 3. 1. 3. 3. 1. 1. 1.
 3. 1. 1. 1. 4. 2. 2. 1. 2. 2. 1. 3. 1. 1. 3. 1. 1. 3. 1. 1. 1. 1. 1. 1.
 3. 4. 1. 3. 1. 2. 3. 2. 1. 1. 1. 1. 3. 1. 1. 1. 1. 4. 1. 4. 1. 4. 1. 1.
 1. 1. 1. 2. 1. 1. 1. 3. 2. 3. 3. 1. 3. 1. 1. 4. 1. 1. 4. 1. 1. 1. 3. 1.
 1. 3. 2. 1. 1. 4. 4. 1. 3. 4. 3. 1. 1. 1. 1. 1. 2. 1. 3. 2. 1. 3. 3. 2.
 3. 3. 1. 3. 2. 4. 3. 3. 4. 2. 4. 1. 1. 1. 3. 1. 2. 1. 3. 1. 4. 3. 1. 4.
 1. 1. 1. 3. 4. 1. 1. 1. 4. 4. 1. 3. 1. 1. 3. 3. 3. 1. 3. 1. 1. 2. 1. 1.
 1. 2. 1. 1. 4. 4. 3. 4.]
[1. 1. 1. 1. 1. 1. 1. 1. 1. 1. 1. 1. 1. 1. 1. 1. 1. 1. 1. 1. 1. 1. 1. 1.
 1. 1. 1. 1. 1. 1. 1. 1. 1. 1. 1. 1. 1. 1. 1. 1. 1. 1. 1. 1. 1. 1. 1. 1.
 1. 1. 1. 1. 1. 1. 1. 1. 1. 1. 1. 1. 1. 1. 1. 1. 1. 1. 1. 1. 1. 1. 1. 1.
 1. 1. 1. 1. 1. 1. 1. 1. 1. 1. 1. 1. 1. 1. 1. 1. 1. 1. 1. 1. 1. 1. 1. 1.
 1. 1. 1. 1. 1. 1. 1. 1. 1. 1. 1. 1. 1. 1. 1. 1. 1. 1. 1. 1. 1. 1. 1. 1.
 1. 1. 1. 1. 1. 1. 1. 1. 1. 1. 1. 1. 1. 1. 1. 1. 1. 1. 1. 1. 1. 1. 1. 1.
 1. 1. 1. 1. 1. 1. 1. 1. 1. 1. 1. 1. 1. 1. 1. 1. 1. 1. 1. 1. 1. 1. 1. 1.
 1. 1. 1. 1. 1. 1. 1. 1. 1. 1. 1. 1. 1. 1. 1. 1. 1. 1. 1. 1. 1. 1. 1. 1.
 1. 1. 1. 1. 1. 1. 1. 1. 1. 1. 1. 1. 1. 1. 1. 1. 1. 1. 1. 1. 1. 1. 1. 1.
 1. 1. 1. 1. 1. 1. 1. 1. 1. 1. 1. 1. 1. 1. 1. 1. 1. 1. 1. 1. 1. 1. 1. 1.
 1. 1. 1. 1. 1. 1. 1. 1. 1. 1. 1. 1. 1. 1. 1. 1. 1. 1. 1. 1. 1. 1. 1. 1.
 1. 1. 1. 1. 1. 1. 1. 1. 1. 1. 1. 1. 1. 1. 1. 1. 1. 1. 1. 1. 1. 1. 1. 1.
 1. 1. 1. 1. 1. 1. 1. 1. 1. 1. 1. 1. 1. 1. 1. 1. 1. 1. 1. 1. 1. 1. 1. 1.
 1. 1. 1. 1. 1. 1. 1. 1. 1. 1. 1. 1. 1. 1. 1. 1. 1. 1. 1. 1. 1. 1. 1. 1.
 1. 1. 1. 1. 1. 1. 1. 1. 1. 1. 1. 1. 1. 1. 1. 1. 1. 1. 1. 1. 1. 1. 1. 1.
 1. 1. 1. 1. 1. 1. 1. 1. 1. 1. 1. 1. 1. 1. 1. 1. 1. 1. 1. 1. 1. 1. 1. 1.
 1. 1. 1. 1. 1. 1. 1. 1. 1. 1. 1. 1. 1. 1. 1. 1. 1. 1. 1. 1. 1. 1. 1. 1.
 1. 1. 1. 1. 1. 1. 1. 1. 1. 1. 1. 1. 1. 1. 1. 1. 1. 1. 1. 1. 1. 1. 1. 1.
 1. 1. 1. 1. 1. 1. 1. 1. 1. 1. 1. 1. 1. 1. 1. 1. 1. 1. 1. 1. 1. 1. 1. 1.
 1. 1. 1. 1. 1. 1. 1. 1. 1. 1. 1. 1. 1. 1. 1. 1. 1. 1. 1. 1. 1. 1. 1. 1.
 1. 1. 1. 1. 1. 1. 1. 1. 1. 1. 1. 1. 1. 1. 1. 1. 1. 1. 1. 1. 1. 1. 1. 1.
 1. 1. 1. 1. 1. 1. 1. 1.]
[1. 1. 1. 1. 1. 1. 1. 1. 1. 1. 1. 1. 1. 1. 1. 1. 1. 1. 1. 1. 1. 1. 1. 1.
 1. 1. 1. 1. 1. 1. 1. 1. 1. 1. 1. 1. 1. 1. 1. 1. 1. 1. 1. 1. 1. 1. 1. 1.
 1. 1. 1. 1. 1. 1. 1. 1. 1. 1. 1. 1. 1. 1. 1. 1. 1. 1. 1. 1. 1. 1. 1. 1.
 1. 1. 1. 1. 1. 1. 1. 1. 1. 1. 1. 1. 1. 1. 1. 1. 1. 1. 1. 1. 1. 1. 1. 1.
 1. 1. 1. 1. 1. 1. 1. 1. 1. 1. 1. 1. 1. 1. 1. 1. 1. 1. 1. 1. 1. 1. 1. 1.
 1. 1. 1. 1. 1. 1. 1. 1. 1. 1. 1. 1. 1. 1. 1. 1. 1. 1. 1. 1. 1. 1. 1. 1.
 1. 1. 1. 1. 1. 1. 1. 1. 1. 1. 1. 1. 1. 1. 1. 1. 1. 1. 1. 1. 1. 1. 1. 1.
 1. 1. 1. 1. 1. 1. 1. 1. 1. 1. 1. 1. 1. 1. 1. 1. 1. 1. 1. 1. 1. 1. 1. 1.
 1. 1. 1. 1. 1. 1. 1. 1. 1. 1. 1. 1. 1. 1. 1. 1. 1. 1. 1. 1. 1. 1. 1. 1.
 1. 1. 1. 1. 1. 1. 1. 1. 1. 1. 1. 1. 1. 1. 1. 1. 1. 1. 1. 1. 1. 1. 1. 1.
 1. 1. 1. 1. 1. 1. 1. 1. 1. 1. 1. 1. 1. 1. 1. 1. 1. 1. 1. 1. 1. 1. 1. 1.
 1. 1. 1. 1. 1. 1. 1. 1. 1. 1. 1. 1. 1. 1. 1. 1. 1. 1. 1. 1. 1. 1. 1. 1.
 1. 1. 1. 1. 1. 1. 1. 1. 1. 1. 1. 1. 1. 1. 1. 1. 1. 1. 1. 1. 1. 1. 1. 1.
 1. 1. 1. 1. 1. 1. 1. 1. 1. 1. 1. 1. 1. 1. 1. 1. 1. 1. 1. 1. 1. 1. 1. 1.
 1. 1. 1. 1. 1. 1. 1. 1. 1. 1. 1. 1. 1. 1. 1. 1. 1. 1. 1. 1. 1. 1. 1. 1.
 1. 1. 1. 1. 1. 1. 1. 1. 1. 1. 1. 1. 1. 1. 1. 1. 1. 1. 1. 1. 1. 1. 1. 1.
 1. 1. 1. 1. 1. 1. 1. 1. 1. 1. 1. 1. 1. 1. 1. 1. 1. 1. 1. 1. 1. 1. 1. 1.
 1. 1. 1. 1. 1. 1. 1. 1. 1. 1. 1. 1. 1. 1. 1. 1. 1. 1. 1. 1. 1. 1. 1. 1.
 1. 1. 1. 1. 1. 1. 1. 1. 1. 1. 1. 1. 1. 1. 1. 1. 1. 1. 1. 1. 1. 1. 1. 1.
 1. 1. 1. 1. 1. 1. 1. 1. 1. 1. 1. 1. 1. 1. 1. 1. 1. 1. 1. 1. 1. 1. 1. 1.
 1. 1. 1. 1. 1. 1. 1. 1. 1. 1. 1. 1. 1. 1. 1. 1. 1. 1. 1. 1. 1. 1. 1. 1.
 1. 1. 1. 1. 1. 1. 1. 1. 1. 1. 1. 1. 1. 1. 1. 1. 1. 1. 1. 1. 1. 1. 1. 1.
 1. 1. 1. 1. 1. 1. 1. 1. 1. 1. 1. 1. 1. 1. 1. 1. 1. 1. 1. 1. 1. 1. 1. 1.
 1. 1. 1. 1. 1. 1. 1. 1. 1. 1. 1. 1. 1. 1. 1. 1. 1. 1. 1. 1. 1. 1. 1. 1.
 1. 1. 1. 1. 1. 1. 1. 1. 1. 1. 1. 1. 1. 1. 1. 1. 1. 1. 1. 1. 1. 1. 1. 1.
 1. 1. 1. 1. 1. 1. 1. 1. 1. 1. 1. 1. 1. 1. 1. 1. 1. 1. 1. 1. 1. 1. 1. 1.
 1. 1. 1. 1. 1. 1. 1. 1. 1. 1. 1. 1. 1. 1. 1. 1. 1. 1. 1. 1. 1. 1. 1. 1.
 1. 1. 1. 1. 1. 1. 1. 1. 1. 1. 1. 1. 1. 1. 1. 1. 1. 1. 1. 1. 1. 1. 1. 1.
 1. 1. 1. 1. 1. 1. 1. 1. 1. 1. 1. 1. 1. 1. 1. 1. 1. 1. 1. 1. 1. 1. 1. 1.
 1. 1. 1. 1. 1. 1. 1. 1. 1. 1. 1. 1. 1. 1. 1. 1. 1. 1. 1. 1. 1. 1. 1. 1.
 1. 1. 1. 1. 1. 1. 1. 1. 1. 1. 1. 1. 1. 1. 1. 1. 1. 1. 1. 1. 1. 1. 1. 1.
 1. 1. 1. 1. 1. 1. 1. 1. 1. 1. 1. 1. 1. 1. 1. 1. 1. 1. 1. 1. 1. 1. 1. 1.
 1. 1. 1. 1. 1. 1. 1. 1. 1. 1. 1. 1. 1. 1. 1. 1. 1. 1. 1. 1. 1. 1. 1. 1.
 1. 1. 1. 1. 1. 1. 1. 1. 1. 1. 1. 1. 1. 1. 1. 1. 1. 1. 1. 1. 1. 1. 1. 1.
 1. 1. 1. 1. 1. 1. 1. 1. 1. 1. 1. 1. 1. 1. 1. 1. 1. 1. 1. 1. 1. 1. 1. 1.
 1. 1. 1. 1. 1. 1. 1. 1. 1. 1. 1. 1. 1. 1. 1. 1. 1. 1. 1. 1. 1. 1. 1. 1.
 1. 1. 1. 1. 1. 1. 1. 1. 1. 1. 1. 1. 1. 1. 1. 1. 1. 1. 1. 1. 1. 1. 1. 1.
 1. 1. 1. 1. 1. 1. 1. 1. 1. 1. 1. 1. 1. 1. 1. 1. 1. 1. 1. 1. 1. 1. 1. 1.
 1. 1. 1. 1. 1. 1. 1. 1. 1. 1. 1. 1. 1. 1. 1. 1. 1. 1. 1. 1. 1. 1. 1. 1.
 1. 1. 1. 1. 1. 1. 1. 1. 1. 1. 1. 1. 1. 1. 1. 1. 1. 1. 1. 1. 1. 1. 1. 1.
 1. 1. 1. 1. 1. 1. 1. 1. 1. 1. 1. 1. 1. 1. 1. 1. 1. 1. 1. 1. 1. 1. 1. 1.
 1. 1. 1. 1. 1. 1. 1. 1. 1. 1. 1. 1. 1. 1. 1. 1. 1. 1. 1. 1. 1. 1. 1. 1.
 1. 1. 1. 1. 1. 1. 1. 1. 1. 1. 1. 1. 1. 1. 1. 1.]
[{'quant_a1_w1': 1.0, 'quant_a2_w2': 2.0, 'quant_a3_w3': 3.0}, {'quant_a1_w1': 2.0, 'quant_a2_w2': 2.1, 'quant_a3_w3': 2.5}, {'quant_a1_w1': 2.0, 'quant_a2_w2': 2.1, 'quant_a3_w3': 2.5}, {'quant_a1_w1': 2.0, 'quant_a2_w2': 2.1, 'quant_a3_w3': 2.5}, {'quant_a1_w1': 2.0, 'quant_a2_w2': 2.1, 'quant_a3_w3': 2.5}, {'quant_a1_w1': 2.0, 'quant_a2_w2': 2.1, 'quant_a3_w3': 2.5}, {'quant_a1_w1': 2.0, 'quant_a2_w2': 2.1, 'quant_a3_w3': 2.5}]
Files already downloaded and verified
Files already downloaded and verified
